1607479073858 2.3054006099700928 1
1607479073972 2.377336025238037 1
1607479074075 2.432109832763672 1
1607479074183 2.160216808319092 1
1607479074290 1.8238850831985474 1
1607479074398 1.8504832983016968 1
1607479074497 1.7076609134674072 1
1607479074597 1.515904188156128 1
1607479074699 1.2966653108596802 1
1607479074802 1.6884665489196777 1
1607479074917 1.3597761392593384 1
1607479075016 1.2546613216400146 1
1607479075115 1.177436113357544 1
1607479075226 1.2450244426727295 1
1607479075328 1.049556851387024 1
1607479075442 0.8993903994560242 1
1607479075547 1.0995210409164429 1
1607479075652 1.0496189594268799 1
1607479075753 0.7653358578681946 1
1607479075854 0.8831831812858582 1
1607479075956 0.8428845405578613 1
1607479076056 0.9918550252914429 1
1607479076158 0.8523795008659363 1
1607479076269 0.5529791712760925 1
1607479076372 0.5577016472816467 1
1607479076474 0.3528273105621338 1
1607479076577 0.31260499358177185 1
1607479076678 0.3868005573749542 1
1607479076781 0.5806180834770203 1
1607479076883 0.636213481426239 1
1607479076981 0.5870473980903625 1
1607479077079 0.45032694935798645 1
1607479077178 0.4257398247718811 1
1607479077286 0.28448811173439026 1
1607479077388 0.3118765950202942 1
1607479077486 0.3383429944515228 1
1607479077586 0.49310171604156494 1
1607479077687 0.5996603965759277 1
1607479077796 0.45904219150543213 1
1607479077907 0.19111871719360352 1
1607479078019 0.3686783015727997 1
1607479078128 0.5808104872703552 1
1607479078240 0.5933241248130798 1
1607479078356 0.3409908711910248 1
1607479078470 0.23888204991817474 1
1607479078583 0.3415476977825165 1
1607479078695 0.3061037063598633 1
1607479078811 0.6044713258743286 1
1607479078921 0.38797080516815186 1
1607479079031 0.29481688141822815 1
1607479079141 0.4681107699871063 1
1607479079253 0.3322713375091553 1
1607479079366 0.32807379961013794 1
1607479079484 0.43983957171440125 1
1607479079594 0.31089457869529724 1
1607479079705 0.3506675362586975 1
1607479079813 0.17124836146831512 1
1607479079923 0.3248654305934906 1
1607479080035 0.4926817715167999 1
1607479080146 0.2874089181423187 1
1607479080256 0.2643347382545471 1
1607479080376 0.1273510903120041 1
1607479080519 0.3448675870895386 1
1607479080637 0.29484471678733826 1
1607479080751 0.37717026472091675 1
1607479080865 0.3006758391857147 1
1607479080978 0.22256825864315033 1
1607479081095 0.29503005743026733 1
1607479081216 0.3108235001564026 1
1607479081343 0.29323261976242065 1
1607479081456 0.2882640063762665 1
1607479081574 0.24286490678787231 1
1607479081693 0.2802867293357849 1
1607479081808 0.2617369592189789 1
1607479081919 0.465386301279068 1
1607479082032 0.3240519165992737 1
1607479082146 0.2132495790719986 1
1607479082258 0.45180195569992065 1
1607479082367 0.20741628110408783 1
1607479082481 0.21513450145721436 1
1607479082594 0.5798781514167786 1
1607479082707 0.3280036151409149 1
1607479082830 0.28208649158477783 1
1607479082942 0.25454607605934143 1
1607479083059 0.13084512948989868 1
1607479083169 0.17776727676391602 1
1607479083282 0.44209522008895874 1
1607479083397 0.23142893612384796 1
1607479083514 0.23886774480342865 1
1607479083628 0.40883108973503113 1
1607479083746 0.22597134113311768 1
1607479083867 0.24028800427913666 1
1607479083990 0.2690432667732239 1
1607479084109 0.21441033482551575 1
1607479084226 0.15317414700984955 1
1607479084342 0.2014874964952469 1
1607479084466 0.11635644733905792 1
1607479084589 0.2788224518299103 1
1607479084708 0.25795555114746094 1
1607479084826 0.2841470539569855 1
1607479084947 0.23543530702590942 1
1607479085083 0.42265745997428894 1
1607479085218 0.16193515062332153 1
1607479085356 0.1372496336698532 1
1607479085483 0.2624244689941406 1
1607479085608 0.18933025002479553 1
1607479085737 0.28952887654304504 1
1607479085865 0.40687060356140137 1
1607479085995 0.33186203241348267 1
1607479086129 0.3910849988460541 1
1607479086284 0.33419331908226013 1
1607479086421 0.28792768716812134 1
1607479086554 0.3150280714035034 1
1607479086688 0.3730228841304779 1
1607479086821 0.22008930146694183 1
1607479086958 0.1463042050600052 1
1607479087094 0.12343697249889374 1
1607479087229 0.2201572060585022 1
1607479087363 0.13339373469352722 1
1607479087504 0.27218374609947205 1
1607479087652 0.20537693798542023 1
1607479087794 0.2811945676803589 1
1607479087933 0.20801907777786255 1
1607479088078 0.2728426158428192 1
1607479088220 0.28961896896362305 1
1607479088362 0.18063156306743622 1
1607479088511 0.3129711151123047 1
1607479088662 0.1160203069448471 1
1607479088808 0.4753921627998352 1
1607479088966 0.36752283573150635 1
1607479089115 0.22412905097007751 1
1607479089261 0.15777333080768585 1
1607479089413 0.49781420826911926 1
1607479089561 0.09048231691122055 1
1607479089709 0.20145171880722046 1
1607479089857 0.49380794167518616 1
1607479090005 0.552547812461853 1
1607479090157 0.3368184566497803 1
1607479090305 0.3389643132686615 1
1607479090463 0.3744600713253021 1
1607479090617 0.26877710223197937 1
1607479090773 0.07756748050451279 1
1607479090927 0.38683825731277466 1
1607479091081 0.14751361310482025 1
1607479091236 0.31230616569519043 1
1607479091390 0.21854758262634277 1
1607479091549 0.3673386573791504 1
1607479091707 0.30607888102531433 1
1607479091870 0.31716543436050415 1
1607479092039 0.19973322749137878 1
1607479092198 0.11061564087867737 1
1607479092358 0.06291833519935608 1
1607479092518 0.261810302734375 1
1607479092677 0.08191459625959396 1
1607479092836 0.06461888551712036 1
1607479092994 0.08081189543008804 1
1607479093154 0.21891635656356812 1
1607479093315 0.27234145998954773 1
1607479093485 0.24771873652935028 1
1607479093661 0.28484290838241577 1
1607479093826 0.2591628432273865 1
1607479093993 0.14022666215896606 1
1607479094159 0.04610263928771019 1
1607479094325 0.07460574805736542 1
1607479094494 0.029460271820425987 1
1607479094668 0.0448465496301651 1
1607479094839 0.050007425248622894 1
1607479095011 0.14925003051757812 1
1607479095193 0.1314225196838379 1
1607479095366 0.1851664036512375 1
1607479095546 0.09080974757671356 1
1607479095726 0.20391184091567993 1
1607479095915 0.17417004704475403 1
1607479096099 0.1649273782968521 1
1607479096278 0.17091743648052216 1
1607479096459 0.24904893338680267 1
1607479096646 0.18140432238578796 1
1607479096838 0.18762734532356262 1
1607479097029 0.1402781456708908 1
1607479097213 0.14667193591594696 1
1607479097396 0.45031431317329407 1
1607479097591 0.3792555630207062 1
1607479097790 0.37574082612991333 1
1607479097982 0.26003724336624146 1
1607479098188 0.140894815325737 1
1607479098385 0.22968493402004242 1
1607479098581 0.16486284136772156 1
1607479098804 0.19878144562244415 1
1607479098995 0.38166332244873047 1
1607479099187 0.12997610867023468 1
1607479099383 0.27160343527793884 1
1607479099588 0.24771705269813538 1
1607479099792 0.2050425261259079 1
1607479099997 0.2607087194919586 1
1607479100203 0.11076846718788147 1
1607479100406 0.24432025849819183 1
1607479100605 0.38669025897979736 1
1607479100816 0.4448484182357788 1
1607479101025 0.13673369586467743 1
1607479101239 0.15834419429302216 1
1607479101452 0.2537100911140442 1
1607479101667 0.1358407884836197 1
1607479101882 0.20704446732997894 1
1607479102094 0.26836830377578735 1
1607479102307 0.24125418066978455 1
1607479102521 0.24947325885295868 1
1607479102746 0.15477360785007477 1
1607479102969 0.1784629225730896 1
1607479103183 0.13547144830226898 1
1607479103397 0.2368602752685547 1
1607479103628 0.2108496129512787 1
1607479103861 0.1861995905637741 1
1607479104092 0.03458709269762039 1
1607479104317 0.14754532277584076 1
1607479104541 0.31938230991363525 1
1607479104767 0.08853457123041153 1
1607479105005 0.14663930237293243 1
1607479105232 0.2747543752193451 1
1607479105463 0.4240829348564148 1
1607479105709 0.19529113173484802 1
1607479105956 0.12465250492095947 1
1607479106204 0.1977842003107071 1
1607479106446 0.17402377724647522 1
1607479106690 0.260483980178833 1
1607479106931 0.3149704337120056 1
1607479107173 0.10975459218025208 1
1607479107420 0.11326056718826294 1
1607479107661 0.29801008105278015 1
1607479107904 0.19889140129089355 1
1607479108146 0.1350308507680893 1
1607479108390 0.38332733511924744 1
1607479108647 0.21395444869995117 1
1607479108908 0.11739583313465118 1
1607479109176 0.13683979213237762 1
1607479109447 0.020253628492355347 1
1607479109718 0.08623646199703217 1
1607479109977 0.3896024227142334 1
1607479110239 0.1436445116996765 1
1607479110497 0.1263282746076584 1
1607479110755 0.0882592722773552 1
1607479111010 0.1326095014810562 1
1607479111280 0.2667931020259857 1
1607479111561 0.16480949521064758 1
1607479111845 0.0903330147266388 1
1607479112156 0.07175785303115845 1
1607479112482 0.10825242102146149 1
1607479112820 0.09617017954587936 1
1607479113127 0.2681320905685425 1
1607479113462 0.11541526764631271 1
1607479113777 0.3366495370864868 1
1607479114064 0.11478482931852341 1
1607479114347 0.07295051217079163 1
1607479114628 0.16505300998687744 1
1607479114906 0.05025206506252289 1
1607479115197 0.08922404795885086 1
1607479115490 0.09886384755373001 1
1607479115800 0.17993569374084473 1
1607479116104 0.11000511050224304 1
1607479116408 0.1496058702468872 1
1607479116712 0.16451813280582428 1
1607479117015 0.16838973760604858 1
1607479117323 0.2698434591293335 1
1607479117627 0.10358987003564835 1
1607479117939 0.07969052344560623 1
1607479118252 0.17675451934337616 1
1607479118563 0.1584913283586502 1
1607479118894 0.1093035414814949 1
1607479119241 0.12305166572332382 1
1607479119584 0.040046729147434235 1
1607479119922 0.13173790276050568 1
1607479120260 0.08378174155950546 1
1607479120593 0.10803808271884918 1
1607479120925 0.07515808194875717 1
1607479121263 0.12353058159351349 1
1607479121623 0.20749858021736145 1
1607479121967 0.16645735502243042 1
1607479122295 0.10760073363780975 1
1607479122627 0.40009474754333496 1
1607479122957 0.22565636038780212 1
1607479123287 0.179740309715271 1
1607479123658 0.1980016529560089 1
1607479124019 0.11458928883075714 1
1607479124351 0.24371911585330963 1
1607479124721 0.16837665438652039 1
1607479125095 0.057792432606220245 1
1607479125453 0.13775032758712769 1
1607479125814 0.22753901779651642 1
1607479126169 0.10219644755125046 1
1607479126532 0.12864884734153748 1
1607479126893 0.04109589383006096 1
1607479127253 0.17314094305038452 1
1607479127612 0.06474599242210388 1
1607479127967 0.1305144876241684 1
1607479128340 0.13071824610233307 1
1607479128720 0.05531863868236542 1
1607479129131 0.03361628204584122 1
1607479129674 0.042378950864076614 1
1607479130204 0.0529700331389904 1
1607479130658 0.3353274166584015 1
1607479131107 0.19518987834453583 1
1607479131556 0.28713706135749817 1
1607479131988 0.09527852386236191 1
1607479132434 0.319782018661499 1
1607479132899 0.07018101215362549 1
1607479133373 0.20466922223567963 1
1607479133860 0.1821325272321701 1
1607479134358 0.06638608127832413 1
1607479134854 0.0382937416434288 1
1607479135348 0.00797965470701456 1
1607479135845 0.1697949469089508 1
1607479136345 0.06781797856092453 1
1607479136832 0.031029995530843735 1
1607479137331 0.2044345736503601 1
1607479137831 0.21945296227931976 1
1607479138318 0.08625823259353638 1
1607479138859 0.24663981795310974 1
1607479139383 0.10032228380441666 1
1607479139912 0.3103969991207123 1
1607479140510 0.1773538440465927 1
1607479141045 0.11611128598451614 1
1607479141575 0.04094478115439415 1
1607479142144 0.1669793576002121 1
1607479142715 0.2787564992904663 1
1607479143258 0.1721946746110916 1
1607479143792 0.2536199390888214 1
1607479144347 0.1091320812702179 1
1607479144978 0.33614519238471985 1
1607479145554 0.3219614326953888 1
1607479146120 0.09973292052745819 1
1607479146677 0.1542724221944809 1
1607479147222 0.23707719147205353 1
1607479147797 0.06885408610105515 1
1607479148357 0.10174459964036942 1
1607479148916 0.06679806113243103 1
1607479149468 0.11249569803476334 1
1607479150019 0.07332836091518402 1
1607479150537 0.04348733276128769 1
1607479151035 0.18818558752536774 1
1607479151540 0.06555444747209549 1
1607479152030 0.027791932225227356 1
1607479152538 0.012166101485490799 1
1607479153046 0.04888274893164635 1
1607479153540 0.3164185881614685 1
1607479154050 0.115135058760643 1
1607479154585 0.04447440803050995 1
1607479155094 0.22738535702228546 1
1607479155599 0.17174780368804932 1
1607479156101 0.20043553411960602 1
1607479156597 0.1987912654876709 1
1607479157126 0.024134336039423943 1
1607479157622 0.0734635591506958 1
1607479158126 0.2946602702140808 1
1607479158639 0.2261934131383896 1
1607479159168 0.22190755605697632 1
1607479159705 0.1037067323923111 1
1607479160216 0.29406726360321045 1
1607479160741 0.09831014275550842 1
1607479161253 0.03299110382795334 1
1607479161866 0.023883648216724396 1
1607479162366 0.05014641210436821 1
1607479162892 0.24444884061813354 1
1607479163397 0.13028071820735931 1
1607479163886 0.11300887167453766 1
1607479164405 0.02820848487317562 1
1607479164915 0.08500221371650696 1
1607479165426 0.09433325380086899 1
1607479165933 0.08527903258800507 1
1607479166445 0.02356276661157608 1
1607479166950 0.17528848350048065 1
1607479167458 0.05383371189236641 1
1607479167947 0.10131575912237167 1
1607479168453 0.13603173196315765 1
1607479168968 0.19281917810440063 1
1607479169499 0.2036333978176117 1
1607479169986 0.11468268930912018 1
1607479170493 0.192312091588974 1
1607479171025 0.03252290189266205 1
1607479171639 0.08707080036401749 1
1607479172183 0.06719530373811722 1
1607479172691 0.08484868705272675 1
1607479173214 0.014487586915493011 1
1607479173741 0.07609093189239502 1
1607479174247 0.1045142188668251 1
1607479174777 0.08352679014205933 1
1607479175268 0.21772518754005432 1
1607479175801 0.1967640221118927 1
1607479176349 0.1747223138809204 1
1607479176861 0.23733019828796387 1
1607479177368 0.07457084953784943 1
1607479177877 0.0665416345000267 1
1607479178389 0.12488679587841034 1
1607479178920 0.07038741558790207 1
1607479179467 0.026308279484510422 1
1607479180040 0.08928454667329788 1
1607479180559 0.1972191333770752 1
1607479181080 0.3119180500507355 1
1607479181688 0.066987544298172 1
1607479182299 0.02134762331843376 1
1607479182839 0.23056964576244354 1
1607479183352 0.2756316363811493 1
1607479183855 0.07007607072591782 1
1607479184371 0.12171542644500732 1
1607479184878 0.1640467792749405 1
1607479185403 0.3109443187713623 1
1607479185913 0.10245108604431152 1
1607479186411 0.10067318379878998 1
1607479186937 0.10547728836536407 1
1607479187435 0.13959072530269623 1
1607479187975 0.08818993717432022 1
1607479188513 0.0616174153983593 1
1607479189032 0.07524456083774567 1
1607479189522 0.10660623013973236 1
1607479189985 0.18088015913963318 1
1607479190458 0.12365087121725082 1
1607479190921 0.0752558559179306 1
1607479191385 0.17654666304588318 1
1607479191841 0.376030296087265 1
1607479192292 0.22480501234531403 1
1607479192748 0.08295445889234543 1
1607479193202 0.11986487358808517 1
1607479193658 0.3106941878795624 1
1607479194084 0.04536346718668938 1
1607479194502 0.16688521206378937 1
1607479194923 0.16801327466964722 1
1607479195355 0.24975435435771942 1
1607479195771 0.2522469460964203 1
1607479196184 0.13716989755630493 1
1607479196605 0.05092433840036392 1
1607479197035 0.07292947918176651 1
1607479197476 0.21806390583515167 1
1607479197891 0.2602927088737488 1
1607479198309 0.20718435943126678 1
1607479198727 0.1572907269001007 1
1607479199157 0.058633774518966675 1
1607479199595 0.1638631373643875 1
1607479199981 0.0916416123509407 1
1607479200375 0.053148746490478516 1
1607479200769 0.03878198564052582 1
1607479201165 0.0361260287463665 1
1607479201575 0.2605245113372803 1
1607479201970 0.09853529185056686 1
1607479202476 0.06572785973548889 1
1607479202933 0.026983890682458878 1
1607479203356 0.42145323753356934 1
1607479203747 0.15845699608325958 1
1607479204140 0.06345155835151672 1
1607479204564 0.08681534975767136 1
1607479204979 0.33273062109947205 1
1607479205385 0.09405114501714706 1
1607479205784 0.09246905893087387 1
1607479206186 0.14836496114730835 1
1607479206562 0.026965901255607605 1
1607479206930 0.10542977601289749 1
1607479207299 0.13428261876106262 1
1607479207692 0.12474863976240158 1
1607479208051 0.18132136762142181 1
1607479208412 0.16901487112045288 1
1607479208779 0.049108486622571945 1
1607479209142 0.07749592512845993 1
1607479209524 0.26120200753211975 1
1607479209984 0.04900379851460457 1
1607479210424 0.07129082828760147 1
1607479210820 0.10729977488517761 1
1607479211234 0.1007167249917984 1
1607479211650 0.19119670987129211 1
1607479212022 0.048592936247587204 1
1607479212390 0.17091302573680878 1
1607479212755 0.1509810984134674 1
1607479213103 0.28071409463882446 1
1607479213435 0.15232720971107483 1
1607479213768 0.17953231930732727 1
1607479214101 0.09521506726741791 1
1607479214433 0.07193545252084732 1
1607479214765 0.034533701837062836 1
1607479215106 0.07329165190458298 1
1607479215439 0.044173967093229294 1
1607479215779 0.2145095020532608 1
1607479216112 0.26838526129722595 1
1607479216445 0.18105043470859528 1
1607479216781 0.045753709971904755 1
1607479217108 0.05615491420030594 1
1607479217444 0.1947014033794403 1
1607479217792 0.10208998620510101 1
1607479218151 0.056152716279029846 1
1607479218501 0.12816648185253143 1
1607479218865 0.10698432475328445 1
1607479219206 0.12921571731567383 1
1607479219569 0.18335410952568054 1
1607479219908 0.12785036861896515 1
1607479220237 0.11826851218938828 1
1607479220574 0.10636977851390839 1
1607479220912 0.08671901375055313 1
1607479221246 0.11454425752162933 1
1607479221574 0.12675100564956665 1
1607479221926 0.20125947892665863 1
1607479222232 0.23369108140468597 1
1607479222538 0.19357356429100037 1
1607479222842 0.12800651788711548 1
1607479223195 0.045023880898952484 1
1607479223556 0.14017720520496368 1
1607479223980 0.20776508748531342 1
1607479224410 0.15102353692054749 1
1607479224736 0.0829501524567604 1
1607479225049 0.06730932742357254 1
1607479225366 0.1819162517786026 1
1607479225670 0.31571561098098755 1
1607479225980 0.11265743523836136 1
1607479226286 0.20708110928535461 1
1607479226606 0.16203752160072327 1
1607479226915 0.02381785400211811 1
1607479227233 0.10783781111240387 1
1607479227562 0.09457346796989441 1
1607479227895 0.2667258381843567 1
1607479228226 0.29801085591316223 1
1607479228567 0.04496539384126663 1
1607479228897 0.01837746798992157 1
1607479229213 0.2692562937736511 1
1607479229563 0.13004401326179504 1
1607479229892 0.03856922313570976 1
1607479230181 0.12790895998477936 1
1607479230464 0.05971219390630722 1
1607479230748 0.1548262983560562 1
1607479231042 0.09145691245794296 1
1607479231333 0.0768541544675827 1
1607479231615 0.120699442923069 1
1607479231917 0.021715326234698296 1
1607479232200 0.1119961068034172 1
1607479232489 0.09718813002109528 1
1607479232779 0.08654718101024628 1
1607479233081 0.014026354998350143 1
1607479233362 0.017481056973338127 1
1607479233670 0.03774556145071983 1
1607479233955 0.1212659478187561 1
1607479234240 0.06149109825491905 1
1607479234542 0.10753405094146729 1
1607479234837 0.05496673285961151 1
1607479235124 0.032641004770994186 1
1607479235418 0.2192438840866089 1
1607479235723 0.11643442511558533 1
1607479236008 0.17248541116714478 1
1607479236293 0.013568690046668053 1
1607479236584 0.23700305819511414 1
1607479236871 0.17198073863983154 1
1607479237152 0.059949688613414764 1
1607479237476 0.2928104102611542 1
1607479237775 0.11307942122220993 1
1607479238091 0.16944357752799988 1
1607479238391 0.1119324117898941 1
1607479238941 0.04679087921977043 1
1607479240256 0.14924059808254242 1
1607479240854 0.2272162139415741 1
1607479241198 0.04586450010538101 1
1607479243102 0.027244925498962402 1
1607479243554 0.047076258808374405 1
1607479243905 0.381964772939682 1
1607479244211 0.08342745900154114 1
1607479244494 0.16244138777256012 1
1607479244787 0.043290942907333374 1
1607479245074 0.08953893184661865 1
1607479245355 0.008533567190170288 1
1607479245640 0.18649433553218842 1
1607479245924 0.16163133084774017 1
1607479246202 0.0972311794757843 1
1607479246484 0.1811535805463791 1
1607479246760 0.05390630662441254 1
1607479247049 0.054857321083545685 1
1607479247325 0.17557571828365326 1
1607479247605 0.06654807180166245 1
1607479247866 0.03368828445672989 1
1607479248132 0.19003276526927948 1
1607479248396 0.03900645673274994 1
1607479248663 0.1446482390165329 1
1607479248925 0.028333468362689018 1
1607479249184 0.1644340455532074 1
1607479249462 0.15634848177433014 1
1607479249734 0.045929811894893646 1
1607479249993 0.11952725052833557 1
1607479250251 0.05903992801904678 1
1607479250509 0.3594695031642914 1
1607479250770 0.3224237561225891 1
1607479251041 0.08682835847139359 1
1607479251301 0.02807811088860035 1
1607479251560 0.12176728993654251 1
1607479251825 0.18116869032382965 1
1607479252084 0.13795499503612518 1
1607479252354 0.1384730190038681 1
1607479252615 0.18425855040550232 1
1607479252874 0.0664617195725441 1
1607479253135 0.08780784159898758 1
1607479253401 0.1505100578069687 1
1607479253658 0.12408913671970367 1
1607479253927 0.14232730865478516 1
1607479254186 0.09594116359949112 1
1607479254448 0.03642512112855911 1
1607479254706 0.12931744754314423 1
1607479254973 0.07899296283721924 1
1607479255242 0.02591436542570591 1
1607479255503 0.07059381902217865 1
1607479255763 0.042975738644599915 1
1607479256042 0.19772382080554962 1
1607479256300 0.14564239978790283 1
1607479256554 0.1847030520439148 1
1607479256796 0.1059115082025528 1
1607479257039 0.18997469544410706 1
1607479257280 0.16687066853046417 1
1607479257548 0.021756423637270927 1
1607479257807 0.02493489347398281 1
1607479258048 0.0245760977268219 1
1607479258288 0.09096723049879074 1
1607479258534 0.08982603251934052 1
1607479258795 0.037566762417554855 1
1607479259052 0.06760741770267487 1
1607479259300 0.10810436308383942 1
1607479259548 0.09016956388950348 1
1607479259794 0.29123473167419434 1
1607479260039 0.32986509799957275 1
1607479260293 0.12633660435676575 1
1607479260545 0.10983917862176895 1
1607479260794 0.09787458181381226 1
1607479261044 0.13386961817741394 1
1607479261298 0.016049304977059364 1
1607479261562 0.12614603340625763 1
1607479261811 0.02183620259165764 1
1607479262068 0.10406223684549332 1
1607479262319 0.11750109493732452 1
1607479262575 0.14380452036857605 1
1607479262827 0.07063978910446167 1
1607479263075 0.10388962924480438 1
1607479263331 0.17005513608455658 1
1607479263579 0.12267161905765533 1
1607479263829 0.06624140590429306 1
1607479264077 0.0598943755030632 1
1607479264335 0.07652530819177628 1
1607479264587 0.11476486176252365 1
1607479264833 0.12073955684900284 1
1607479265081 0.18117322027683258 1
1607479265334 0.0811348706483841 1
1607479265590 0.1337757557630539 1
1607479265841 0.06634090840816498 1
1607479266108 0.05655089020729065 1
1607479266362 0.10410331934690475 1
1607479266612 0.15993188321590424 1
1607479266866 0.03697185963392258 1
1607479267114 0.10313156992197037 1
1607479267362 0.13002505898475647 1
1607479267609 0.21630536019802094 1
1607479267870 0.2198130339384079 1
1607479268118 0.25667476654052734 1
1607479268369 0.07575255632400513 1
1607479268617 0.11254603415727615 1
1607479268870 0.10983603447675705 1
1607479269123 0.04923723638057709 1
1607479269386 0.07669372111558914 1
1607479269648 0.12722031772136688 1
1607479269914 0.10469438880681992 1
1607479270176 0.0820409506559372 1
1607479270431 0.10654708743095398 1
1607479270682 0.03080914169549942 1
1607479270930 0.10005932301282883 1
1607479271198 0.07551861554384232 1
1607479271454 0.08891195058822632 1
1607479271704 0.06425270438194275 1
1607479271955 0.22344808280467987 1
1607479272209 0.23708476126194 1
1607479272463 0.09503789246082306 1
1607479272725 0.12312164157629013 1
1607479272983 0.09478422999382019 1
1607479273257 0.09363222122192383 1
1607479273524 0.031715020537376404 1
1607479273779 0.14439469575881958 1
1607479274035 0.07773858308792114 1
1607479274297 0.0885223001241684 1
1607479274557 0.24861325323581696 1
1607479274796 0.0936519205570221 1
1607479275036 0.10906098783016205 1
1607479275281 0.2834818661212921 1
1607479275531 0.02163098007440567 1
1607479275773 0.09052007645368576 1
1607479276018 0.1824198216199875 1
1607479276270 0.04852251335978508 1
1607479276515 0.22172285616397858 1
1607479276761 0.0919206291437149 1
1607479277010 0.14271584153175354 1
1607479277255 0.039245739579200745 1
1607479277496 0.138802632689476 1
1607479277731 0.16798700392246246 1
1607479277979 0.08360343426465988 1
1607479278233 0.1332131177186966 1
1607479278480 0.15998807549476624 1
1607479278722 0.09044494479894638 1
1607479278963 0.04904114454984665 1
1607479279207 0.17991362512111664 1
1607479279473 0.0423707515001297 1
1607479279721 0.1057918593287468 1
1607479279964 0.2387116551399231 1
1607479280205 0.2410137951374054 1
1607479280462 0.030645260587334633 1
1607479280708 0.038980625569820404 1
1607479280950 0.08859287947416306 1
1607479281198 0.04525063931941986 1
1607479281446 0.15500853955745697 1
1607479281686 0.11248805373907089 1
1607479281925 0.07090184092521667 1
1607479282166 0.11629576236009598 1
1607479282415 0.06370870769023895 1
1607479282658 0.14050331711769104 1
1607479282910 0.07152445614337921 1
1607479283167 0.030246417969465256 1
1607479283408 0.13051491975784302 1
1607479283650 0.09859832376241684 1
1607479283891 0.20210692286491394 1
1607479284132 0.08219148218631744 1
1607479284373 0.2963051497936249 1
1607479284613 0.12901252508163452 1
1607479284859 0.07243985682725906 1
1607479285103 0.24755731225013733 1
1607479285352 0.06843593716621399 1
1607479285595 0.10690897703170776 1
1607479285841 0.09306903183460236 1
1607479286083 0.12302641570568085 1
1607479286323 0.15878863632678986 1
1607479286569 0.06023397296667099 1
1607479286818 0.16267329454421997 1
1607479287073 0.2643090784549713 1
1607479287314 0.09014153480529785 1
1607479287558 0.17172971367835999 1
1607479287809 0.07247790694236755 1
1607479288043 0.05416760966181755 1
1607479288272 0.02699023112654686 1
1607479288509 0.0956159308552742 1
1607479288752 0.17047981917858124 1
1607479288990 0.08255191892385483 1
1607479289240 0.16966190934181213 1
1607479289504 0.06725351512432098 1
1607479289751 0.21989808976650238 1
1607479289993 0.12468241900205612 1
1607479290228 0.039916131645441055 1
1607479290457 0.09411050379276276 1
1607479290687 0.22044222056865692 1
1607479290931 0.10038350522518158 1
1607479291161 0.13297370076179504 1
1607479291388 0.21823185682296753 1
1607479291613 0.09636644273996353 1
1607479291838 0.08728153258562088 1
1607479292069 0.05007569491863251 1
1607479292294 0.03197626769542694 1
1607479292532 0.06815401464700699 1
1607479292761 0.07865862548351288 1
1607479292989 0.2427741289138794 1
1607479293220 0.06486856937408447 1
1607479293447 0.06965858489274979 1
1607479293675 0.1141316220164299 1
1607479293903 0.030004963278770447 1
1607479294129 0.06023171544075012 1
1607479294360 0.11440560221672058 1
1607479294588 0.1356121301651001 1
1607479294822 0.09977254271507263 1
1607479295055 0.07266886532306671 1
1607479295288 0.056290511041879654 1
1607479295522 0.035643815994262695 1
1607479295763 0.022371573373675346 1
1607479295995 0.033071719110012054 1
1607479296226 0.04326745495200157 1
1607479296460 0.032946519553661346 1
1607479296694 0.2538376450538635 1
1607479296925 0.35493674874305725 1
1607479297166 0.17896094918251038 1
1607479297390 0.13284462690353394 1
1607479297622 0.3126045763492584 1
1607479297847 0.08232728391885757 1
1607479298076 0.05865101516246796 1
1607479298303 0.057118870317935944 1
1607479298543 0.026619508862495422 1
1607479298773 0.16273024678230286 1
1607479299018 0.4325588047504425 1
1607479299244 0.06838592886924744 1
1607479299482 0.06859691441059113 1
1607479299708 0.08816218376159668 1
1607479299934 0.07980743795633316 1
1607479300167 0.2561214864253998 1
1607479300395 0.06256796419620514 1
1607479300627 0.014880829490721226 1
1607479300854 0.06926783919334412 1
1607479301081 0.07132265716791153 1
1607479301307 0.2490418553352356 1
1607479301534 0.1666773110628128 1
1607479301766 0.15412040054798126 1
1607479301990 0.3786918818950653 1
1607479302217 0.05093427002429962 1
1607479302443 0.19738467037677765 1
1607479302671 0.10232774913311005 1
1607479302902 0.09909594804048538 1
1607479303132 0.05648074299097061 1
1607479303356 0.08557498455047607 1
1607479303583 0.03052477166056633 1
1607479303807 0.1367122232913971 1
1607479304041 0.06063568964600563 1
1607479304265 0.015281104482710361 1
1607479304492 0.015456011518836021 1
1607479304717 0.024937374517321587 1
1607479304944 0.2860671281814575 1
1607479305169 0.10773921012878418 1
1607479305397 0.07296685874462128 1
1607479305629 0.057765230536460876 1
1607479305856 0.08727627992630005 1
1607479306081 0.07552775740623474 1
1607479306314 0.010948508977890015 1
1607479306539 0.02652043290436268 1
1607479306770 0.17968901991844177 1
1607479306996 0.01848842203617096 1
1607479307220 0.02098509855568409 1
1607479307449 0.12687574326992035 1
1607479307675 0.19149599969387054 1
1607479307900 0.09429441392421722 1
1607479308137 0.1987248957157135 1
1607479308373 0.08757030218839645 1
1607479308615 0.051461756229400635 1
1607479308844 0.15254457294940948 1
1607479309072 0.024752067402005196 1
1607479309298 0.05272388830780983 1
1607479309541 0.02990388125181198 1
1607479309769 0.06545846164226532 1
1607479309994 0.028611062094569206 1
1607479310219 0.0500994548201561 1
1607479310450 0.06685906648635864 1
1607479310675 0.14616315066814423 1
1607479310915 0.16755448281764984 1
1607479311140 0.28968727588653564 1
1607479311365 0.05437907204031944 1
1607479311598 0.024989599362015724 1
1607479311830 0.18620839715003967 1
1607479312062 0.07328376173973083 1
1607479312290 0.047263845801353455 1
1607479312517 0.026506658643484116 1
1607479312747 0.035345230251550674 1
1607479312978 0.166111558675766 1
1607479313216 0.0050383093766868114 1
1607479313443 0.18026994168758392 1
1607479313672 0.07760091125965118 1
1607479313898 0.035909295082092285 1
1607479314131 0.07414331287145615 1
1607479314360 0.28353625535964966 1
1607479314585 0.0603848397731781 1
1607479314812 0.22116830945014954 1
1607479315043 0.10083460062742233 1
1607479315272 0.052084315568208694 1
1607479315525 0.0556153804063797 1
1607479315761 0.04943879693746567 1
1607479316001 0.042480695992708206 1
1607479316246 0.027960551902651787 1
1607479316484 0.08619997650384903 1
1607479316725 0.08752650022506714 1
1607479316972 0.0945969894528389 1
1607479317210 0.04176413267850876 1
1607479317451 0.04471485689282417 1
1607479317686 0.17005370557308197 1
1607479317958 0.028076859191060066 1
1607479318217 0.18957242369651794 1
1607479318473 0.21092797815799713 1
1607479318722 0.03605246543884277 1
1607479318963 0.028865622356534004 1
1607479319210 0.025616981089115143 1
1607479319444 0.10208619385957718 1
1607479319697 0.13129164278507233 1
1607479319927 0.23910726606845856 1
1607479320163 0.04038863629102707 1
1607479320406 0.05508697032928467 1
1607479320647 0.2204442322254181 1
1607479320880 0.1539946347475052 1
1607479321117 0.015194006264209747 1
1607479321353 0.09416782855987549 1
1607479321586 0.28590866923332214 1
1607479321817 0.20574718713760376 1
1607479322048 0.20896391570568085 1
1607479322289 0.027557633817195892 1
1607479322530 0.1691218465566635 1
1607479322781 0.03927045315504074 1
1607479323020 0.13755090534687042 1
1607479323269 0.1811162382364273 1
1607479323506 0.12166552990674973 1
1607479323750 0.09033609926700592 1
1607479323998 0.14710581302642822 1
1607479324243 0.21184279024600983 1
1607479324487 0.035525791347026825 1
1607479324728 0.12071717530488968 1
1607479324967 0.03285517543554306 1
1607479325228 0.04468078911304474 1
1607479325467 0.18655605614185333 1
1607479325723 0.04365832358598709 1
1607479325965 0.015196520835161209 1
1607479326208 0.1115671917796135 1
1607479326455 0.09444303810596466 1
1607479326695 0.026573630049824715 1
1607479326936 0.03867151960730553 1
1607479327174 0.06564078480005264 1
1607479327417 0.07353488355875015 1
1607479327663 0.07843616604804993 1
1607479327894 0.024851929396390915 1
1607479328126 0.030900590121746063 1
1607479328364 0.025578852742910385 1
1607479328601 0.10503721982240677 1
1607479328845 0.06551225483417511 1
1607479329080 0.2162865400314331 1
1607479329313 0.01719616912305355 1
1607479329556 0.004762341734021902 1
1607479329792 0.032952483743429184 1
1607479330042 0.0384010374546051 1
1607479330281 0.13900145888328552 1
1607479330518 0.00858977809548378 1
1607479330751 0.008883520029485226 1
1607479330991 0.022172750905156136 1
1607479331230 0.00561123713850975 1
1607479331469 0.00511074997484684 1
1607479331717 0.04254257678985596 1
1607479331967 0.0037949467077851295 1
1607479332218 0.005141407251358032 1
1607479332476 0.06010306254029274 1
1607479332727 0.00122477684635669 1
1607479332973 0.05925137177109718 1
1607479333223 0.03823399171233177 1
1607479333469 0.0236845500767231 1
1607479333719 0.010483907535672188 1
1607479333970 0.00045838404912501574 1
1607479334221 0.0007243159925565124 1
1607479334475 0.0037472834810614586 1
1607479334730 0.005108969286084175 1
1607479334983 0.13207393884658813 1
1607479335230 0.09969083219766617 1
1607479335488 0.04878802224993706 1
1607479335751 0.01838395558297634 1
1607479336003 0.002115804236382246 1
1607479336248 0.03842071816325188 1
1607479336492 0.21682894229888916 1
1607479336740 0.4815728962421417 1
1607479336984 0.026363393291831017 1
1607479337227 0.0020546650048345327 1
1607479337482 0.6106719374656677 1
1607479337644 0.07918744534254074 1
1607479337945 0.06086282432079315 2
1607479338212 0.08398280292749405 2
1607479338465 0.10542616993188858 2
1607479338723 0.08415442705154419 2
1607479338972 0.05388014018535614 2
1607479339233 0.08036771416664124 2
1607479339501 0.07084007561206818 2
1607479339754 0.3695785105228424 2
1607479340033 0.04101448878645897 2
1607479340330 0.08241062611341476 2
1607479340601 0.013575701974332333 2
1607479340856 0.0626986101269722 2
1607479341117 0.09608487039804459 2
1607479341366 0.13909706473350525 2
1607479341620 0.15983550250530243 2
1607479341875 0.10680167376995087 2
1607479342137 0.1871437132358551 2
1607479342387 0.1390400379896164 2
1607479342671 0.05106868967413902 2
1607479342942 0.09506922215223312 2
1607479343213 0.0764552652835846 2
1607479343468 0.2838592827320099 2
1607479343715 0.02599615603685379 2
1607479343960 0.05653098225593567 2
1607479344202 0.12331830710172653 2
1607479344450 0.12297184765338898 2
1607479344720 0.05977499857544899 2
1607479344985 0.10622640699148178 2
1607479345243 0.09797518700361252 2
1607479345502 0.03798781335353851 2
1607479345759 0.06975382566452026 2
1607479346023 0.09003913402557373 2
1607479346287 0.11705251783132553 2
1607479346547 0.03126935660839081 2
1607479346805 0.07362420111894608 2
1607479347082 0.025592375546693802 2
1607479347372 0.043026648461818695 2
1607479347654 0.20524512231349945 2
1607479347941 0.03740717098116875 2
1607479348211 0.04824187979102135 2
1607479348488 0.05603257939219475 2
1607479348761 0.09347620606422424 2
1607479349039 0.16190505027770996 2
1607479349309 0.05248003825545311 2
1607479349578 0.028156211599707603 2
1607479349852 0.10782571136951447 2
1607479350117 0.02390562929213047 2
1607479350382 0.039024289697408676 2
1607479350645 0.01715061441063881 2
1607479350906 0.015272178687155247 2
1607479351175 0.02604384906589985 2
1607479351444 0.11214926838874817 2
1607479351706 0.057617735117673874 2
1607479351970 0.01956137828528881 2
1607479352234 0.11849284172058105 2
1607479352507 0.10990650206804276 2
1607479352777 0.03518170863389969 2
1607479353041 0.12133488804101944 2
1607479353306 0.22036771476268768 2
1607479353569 0.05254027247428894 2
1607479353832 0.007726054172962904 2
1607479354096 0.015231219120323658 2
1607479354361 0.22486937046051025 2
1607479354632 0.0767880380153656 2
1607479354895 0.16879498958587646 2
1607479355168 0.059494782239198685 2
1607479355436 0.02619907632470131 2
1607479355701 0.02027106285095215 2
1607479355965 0.048399779945611954 2
1607479356230 0.20217104256153107 2
1607479356499 0.06754623353481293 2
1607479356765 0.07184301316738129 2
1607479357029 0.10530183464288712 2
1607479357294 0.017168695107102394 2
1607479357563 0.032503481954336166 2
1607479357838 0.009382822550833225 2
1607479358106 0.006145401392132044 2
1607479358370 0.15994994342327118 2
1607479358641 0.12703007459640503 2
1607479358905 0.04436923563480377 2
1607479359174 0.24981048703193665 2
1607479359443 0.038690660148859024 2
1607479359705 0.10922329127788544 2
1607479359968 0.24655656516551971 2
1607479360230 0.0530431903898716 2
1607479360513 0.03876286745071411 2
1607479360780 0.044293276965618134 2
1607479361053 0.026087425649166107 2
1607479361323 0.044592078775167465 2
1607479361590 0.21934503316879272 2
1607479361858 0.052736036479473114 2
1607479362119 0.15861959755420685 2
1607479362389 0.027144361287355423 2
1607479362654 0.03899934142827988 2
1607479362913 0.009446385316550732 2
1607479363188 0.35821500420570374 2
1607479363453 0.012638780288398266 2
1607479363720 0.05871647223830223 2
1607479363983 0.058941032737493515 2
1607479364241 0.059193938970565796 2
1607479364500 0.1987573653459549 2
1607479364764 0.08982173353433609 2
1607479365027 0.04644528403878212 2
1607479365301 0.03909500688314438 2
1607479365569 0.07393766939640045 2
1607479365856 0.028206318616867065 2
1607479366130 0.06300394237041473 2
1607479366393 0.17487145960330963 2
1607479366651 0.16711178421974182 2
1607479366915 0.1460624635219574 2
1607479367172 0.16866916418075562 2
1607479367436 0.048371702432632446 2
1607479367692 0.12290319800376892 2
1607479367955 0.12995027005672455 2
1607479368227 0.0406121127307415 2
1607479368496 0.011786100454628468 2
1607479368764 0.022818494588136673 2
1607479369027 0.043817032128572464 2
1607479369290 0.045409996062517166 2
1607479369564 0.01802581176161766 2
1607479369823 0.030162127688527107 2
1607479370084 0.04990357905626297 2
1607479370350 0.021103043109178543 2
1607479370606 0.03243167698383331 2
1607479370865 0.121941477060318 2
1607479371138 0.05067514628171921 2
1607479371404 0.17505459487438202 2
1607479371663 0.013272596523165703 2
1607479371936 0.24243241548538208 2
1607479372196 0.12086161971092224 2
1607479372456 0.01649400219321251 2
1607479372716 0.025994446128606796 2
1607479372976 0.11847424507141113 2
1607479373237 0.004651272669434547 2
1607479373504 0.012582794763147831 2
1607479373770 0.05810444429516792 2
1607479374036 0.2954558730125427 2
1607479374297 0.09543375670909882 2
1607479374557 0.290370374917984 2
1607479374817 0.033038098365068436 2
1607479375083 0.12896381318569183 2
1607479375344 0.01725795306265354 2
1607479375613 0.08325233310461044 2
1607479375885 0.03422093763947487 2
1607479376161 0.11704283952713013 2
1607479376440 0.03654143959283829 2
1607479376712 0.1264936625957489 2
1607479376987 0.11202184110879898 2
1607479377252 0.0779622346162796 2
1607479377512 0.029691243544220924 2
1607479377773 0.09107308089733124 2
1607479378037 0.00836146529763937 2
1607479378299 0.08544820547103882 2
1607479378563 0.0025158382486552 2
1607479378827 0.04762699082493782 2
1607479379096 0.033757105469703674 2
1607479379361 0.11362497508525848 2
1607479379627 0.1356760412454605 2
1607479379886 0.018846284598112106 2
1607479380146 0.12556631863117218 2
1607479380407 0.13076774775981903 2
1607479380670 0.02159971185028553 2
1607479380935 0.008399685844779015 2
1607479381199 0.013400635682046413 2
1607479381501 0.0027338392101228237 2
1607479381782 0.01511739194393158 2
1607479382043 0.00945076160132885 2
1607479382335 0.052269287407398224 2
1607479382624 0.17277152836322784 2
1607479382893 0.020109672099351883 2
1607479383175 0.009189816191792488 2
1607479383452 0.4871978461742401 2
1607479383713 0.07003973424434662 2
1607479383996 0.04473581537604332 2
1607479384303 0.005372397135943174 2
1607479384588 0.14988169074058533 2
1607479384870 0.02577277459204197 2
1607479385147 0.026959430426359177 2
1607479385424 0.01817023754119873 2
1607479385692 0.042127277702093124 2
1607479385963 0.18124404549598694 2
1607479386251 0.09125836938619614 2
1607479386530 0.036337170749902725 2
1607479386806 0.15160928666591644 2
1607479387082 0.034933239221572876 2
1607479387367 0.07680395990610123 2
1607479387629 0.06761332601308823 2
1607479387886 0.019867628812789917 2
1607479388151 0.06859145313501358 2
1607479388409 0.01299508661031723 2
1607479388677 0.09257534891366959 2
1607479388942 0.057590268552303314 2
1607479389204 0.043870653957128525 2
1607479389483 0.057959530502557755 2
1607479389750 0.03782691806554794 2
1607479390020 0.037520259618759155 2
1607479390281 0.16100414097309113 2
1607479390551 0.050664037466049194 2
1607479390812 0.03804106265306473 2
1607479391080 0.009209271520376205 2
1607479391340 0.02186622843146324 2
1607479391605 0.0979357436299324 2
1607479391866 0.06774517148733139 2
1607479392126 0.2178255319595337 2
1607479392392 0.07447084039449692 2
1607479392664 0.23347501456737518 2
1607479392927 0.1039566621184349 2
1607479393188 0.07296589761972427 2
1607479393451 0.018885381519794464 2
1607479393708 0.11527339369058609 2
1607479393968 0.10000822693109512 2
1607479394229 0.1380358636379242 2
1607479394490 0.015983903780579567 2
1607479394748 0.21981696784496307 2
1607479395009 0.13692925870418549 2
1607479395280 0.007352932821959257 2
1607479395550 0.08095012605190277 2
1607479395815 0.1089998334646225 2
1607479396078 0.1685369908809662 2
1607479396337 0.05026664957404137 2
1607479396598 0.022482847794890404 2
1607479396858 0.023154500871896744 2
1607479397121 0.04488382488489151 2
1607479397379 0.06968212872743607 2
1607479397657 0.163915753364563 2
1607479397939 0.01233675517141819 2
1607479398228 0.02993645891547203 2
1607479398487 0.22315509617328644 2
1607479398756 0.1268167793750763 2
1607479399018 0.021324556320905685 2
1607479399281 0.13276198506355286 2
1607479399561 0.04546474292874336 2
1607479399822 0.02710079774260521 2
1607479400083 0.07333400845527649 2
1607479400343 0.005629817023873329 2
1607479400607 0.014659467153251171 2
1607479400883 0.26282748579978943 2
1607479401172 0.008425367996096611 2
1607479401462 0.06378089636564255 2
1607479401747 0.057758182287216187 2
1607479402029 0.09616326540708542 2
1607479402295 0.14097411930561066 2
1607479402574 0.03235524892807007 2
1607479402861 0.04114159569144249 2
1607479403139 0.044041890650987625 2
1607479403420 0.01119606290012598 2
1607479403682 0.14693908393383026 2
1607479403962 0.0711083859205246 2
1607479404237 0.020210374146699905 2
1607479404501 0.2096448689699173 2
1607479404780 0.024772418662905693 2
1607479405048 0.020763926208019257 2
1607479405323 0.14686746895313263 2
1607479405587 0.1303049921989441 2
1607479405852 0.06546405702829361 2
1607479406122 0.12247496843338013 2
1607479406404 0.02097463235259056 2
1607479406691 0.022005008533596992 2
1607479406957 0.048527203500270844 2
1607479407225 0.01595270074903965 2
1607479407486 0.14728392660617828 2
1607479407753 0.09518159925937653 2
1607479408016 0.03436754643917084 2
1607479408282 0.013405521400272846 2
1607479408549 0.054299741983413696 2
1607479408827 0.16911648213863373 2
1607479409089 0.09771007299423218 2
1607479409351 0.08337278664112091 2
1607479409617 0.04392871633172035 2
1607479409878 0.05033588036894798 2
1607479410137 0.009872070513665676 2
1607479410399 0.058787960559129715 2
1607479410661 0.013280737213790417 2
1607479410922 0.03091864474117756 2
1607479411185 0.13169309496879578 2
1607479411460 0.04922303929924965 2
1607479411732 0.05614669620990753 2
1607479411993 0.20024323463439941 2
1607479412256 0.05451041832566261 2
1607479412533 0.05923229455947876 2
1607479412803 0.12135468423366547 2
1607479413072 0.09788002073764801 2
1607479413331 0.012240399606525898 2
1607479413594 0.13375818729400635 2
1607479413852 0.026249345391988754 2
1607479414120 0.04850935935974121 2
1607479414383 0.06585834175348282 2
1607479414647 0.05223318934440613 2
1607479414904 0.04766672104597092 2
1607479415161 0.021557947620749474 2
1607479415424 0.1394813060760498 2
1607479415683 0.09166067093610764 2
1607479415929 0.06717678904533386 2
1607479416170 0.0028122456278651953 2
1607479416410 0.058835551142692566 2
1607479416652 0.004794689826667309 2
1607479416902 0.050798576325178146 2
1607479417146 0.014016478322446346 2
1607479417387 0.2021941989660263 2
1607479417627 0.01548308040946722 2
1607479417870 0.023387029767036438 2
1607479418134 0.04834121838212013 2
1607479418378 0.10965512692928314 2
1607479418631 0.014026517979800701 2
1607479418876 0.10229180008172989 2
1607479419126 0.03954112157225609 2
1607479419374 0.06312922388315201 2
1607479419620 0.06272915005683899 2
1607479419861 0.0062813106924295425 2
1607479420104 0.03927074372768402 2
1607479420346 0.06015392392873764 2
1607479420590 0.14337459206581116 2
1607479420830 0.01802128553390503 2
1607479421072 0.04679829254746437 2
1607479421318 0.020389964804053307 2
1607479421560 0.09009824693202972 2
1607479421812 0.03308626636862755 2
1607479422057 0.19660992920398712 2
1607479422298 0.012617688626050949 2
1607479422542 0.013197586871683598 2
1607479422784 0.034744758158922195 2
1607479423032 0.078912153840065 2
1607479423281 0.06803727149963379 2
1607479423525 0.1613154411315918 2
1607479423768 0.13902035355567932 2
1607479424023 0.07249685376882553 2
1607479424279 0.04948398098349571 2
1607479424537 0.09725869446992874 2
1607479424804 0.022170158103108406 2
1607479425052 0.029490837827324867 2
1607479425307 0.11383265256881714 2
1607479425548 0.04033912345767021 2
1607479425790 0.051819972693920135 2
1607479426029 0.09957028925418854 2
1607479426271 0.038251329213380814 2
1607479426512 0.033667247742414474 2
1607479426766 0.009237410500645638 2
1607479427008 0.1537349671125412 2
1607479427252 0.047038279473781586 2
1607479427495 0.014919595792889595 2
1607479427743 0.04174058511853218 2
1607479428014 0.03217576444149017 2
1607479428272 0.14476987719535828 2
1607479428538 0.04690146446228027 2
1607479428808 0.025751490145921707 2
1607479429092 0.036334410309791565 2
1607479429340 0.09222021698951721 2
1607479429592 0.09388922154903412 2
1607479429879 0.036643315106630325 2
1607479430166 0.007081169635057449 2
1607479430447 0.008009091950953007 2
1607479430749 0.07903703302145004 2
1607479431017 0.1117546483874321 2
1607479431302 0.17896640300750732 2
1607479431583 0.07309630513191223 2
1607479431891 0.16104656457901 2
1607479432186 0.02150593511760235 2
1607479432450 0.01920483633875847 2
1607479432726 0.0014463714323937893 2
1607479433015 0.010115789249539375 2
1607479433273 0.11686570197343826 2
1607479433564 0.02059876173734665 2
1607479433807 0.01866856776177883 2
1607479434051 0.005620282143354416 2
1607479434309 0.0121770603582263 2
1607479434574 0.07387509196996689 2
1607479434841 0.015332935377955437 2
1607479435147 0.004666291642934084 2
1607479435437 0.11037633568048477 2
1607479435690 0.041240010410547256 2
1607479435953 0.11460299044847488 2
1607479436214 0.0069633061066269875 2
1607479436472 0.1758991777896881 2
1607479436735 0.1321890652179718 2
1607479437059 0.08770208060741425 2
1607479437319 0.06079455092549324 2
1607479437566 0.0886530801653862 2
1607479437816 0.031522657722234726 2
1607479438059 0.10841360688209534 2
1607479438304 0.04777329042553902 2
1607479438552 0.01785994879901409 2
1607479438806 0.01652316190302372 2
1607479439048 0.027920151129364967 2
1607479439296 0.043297700583934784 2
1607479439542 0.113057442009449 2
1607479439784 0.12237189710140228 2
1607479440034 0.04537275433540344 2
1607479440280 0.12203875184059143 2
1607479440531 0.09289577603340149 2
1607479440779 0.031132038682699203 2
1607479441027 0.0041523706167936325 2
1607479441273 0.027455780655145645 2
1607479441519 0.016386734321713448 2
1607479441769 0.05185666307806969 2
1607479442017 0.05072437599301338 2
1607479442268 0.010025755502283573 2
1607479442524 0.004763077478855848 2
1607479442799 0.009371038526296616 2
1607479443047 0.10989680141210556 2
1607479443299 0.18904347717761993 2
1607479443560 0.06994962692260742 2
1607479443831 0.13866767287254333 2
1607479444077 0.025193560868501663 2
1607479444322 0.07861117273569107 2
1607479444578 0.01803428679704666 2
1607479444826 0.034584157168865204 2
1607479445080 0.08076974004507065 2
1607479445327 0.012327510863542557 2
1607479445581 0.014014070853590965 2
1607479445836 0.010655932128429413 2
1607479446093 0.030519766733050346 2
1607479446344 0.03345704823732376 2
1607479446593 0.21809543669223785 2
1607479446851 0.1502758264541626 2
1607479447102 0.03332139179110527 2
1607479447358 0.328736811876297 2
1607479447627 0.2376922369003296 2
1607479447885 0.14369644224643707 2
1607479448144 0.03767871856689453 2
1607479448406 0.12956984341144562 2
1607479448670 0.15155045688152313 2
1607479448933 0.010916388593614101 2
1607479449182 0.010546252131462097 2
1607479449438 0.11738813668489456 2
1607479449685 0.10352954268455505 2
1607479449940 0.1786355823278427 2
1607479450196 0.02210715413093567 2
1607479450449 0.011110891588032246 2
1607479450707 0.01870257593691349 2
1607479450970 0.050399865955114365 2
1607479451221 0.14333456754684448 2
1607479451471 0.0857774019241333 2
1607479451717 0.07885432243347168 2
1607479451970 0.07502647489309311 2
1607479452217 0.017520630732178688 2
1607479452464 0.034835703670978546 2
1607479452716 0.03611142188310623 2
1607479452964 0.060520272701978683 2
1607479453209 0.016128811985254288 2
1607479453458 0.05195976421236992 2
1607479453700 0.11816452443599701 2
1607479453949 0.010514841414988041 2
1607479454202 0.011401836760342121 2
1607479454452 0.07830165326595306 2
1607479454698 0.0735081285238266 2
1607479454944 0.021418197080492973 2
1607479455200 0.2066875547170639 2
1607479455444 0.16223609447479248 2
1607479455688 0.0715719610452652 2
1607479455934 0.11912883073091507 2
1607479456179 0.07358346879482269 2
1607479456425 0.01998181827366352 2
1607479456670 0.047397181391716 2
1607479456915 0.10333845019340515 2
1607479457164 0.015779057517647743 2
1607479457410 0.04869229719042778 2
1607479457658 0.10102683305740356 2
1607479457900 0.05644993111491203 2
1607479458158 0.021699396893382072 2
1607479458403 0.22530554234981537 2
1607479458647 0.03492850065231323 2
1607479458898 0.014575481414794922 2
1607479459166 0.02795194275677204 2
1607479459462 0.06312742084264755 2
1607479459722 0.16540192067623138 2
1607479459977 0.010518542490899563 2
1607479460235 0.020735640078783035 2
1607479460483 0.016825418919324875 2
1607479460731 0.04109399765729904 2
1607479460983 0.0466325581073761 2
1607479461229 0.07089798897504807 2
1607479461475 0.012268523685634136 2
1607479461721 0.014649746008217335 2
1607479461972 0.017594389617443085 2
1607479462230 0.004536711145192385 2
1607479462507 0.011515595950186253 2
1607479462765 0.026783214882016182 2
1607479463019 0.046673499047756195 2
1607479463268 0.14387087523937225 2
1607479463522 0.009137250483036041 2
1607479463793 0.05777338519692421 2
1607479464047 0.10742975771427155 2
1607479464301 0.020654449239373207 2
1607479464559 0.005621918477118015 2
1607479464803 0.02328180894255638 2
1607479465051 0.08659597486257553 2
1607479465308 0.1150195524096489 2
1607479465561 0.06142489239573479 2
1607479465810 0.09878072887659073 2
1607479466059 0.06593167781829834 2
1607479466309 0.11029265820980072 2
1607479466563 0.03371381387114525 2
1607479466814 0.020454125478863716 2
1607479467085 0.10223562270402908 2
1607479467340 0.05850639566779137 2
1607479467612 0.20818299055099487 2
1607479467878 0.07920656353235245 2
1607479468159 0.10137654840946198 2
1607479468426 0.019360119476914406 2
1607479468687 0.1565282642841339 2
1607479468949 0.08116155862808228 2
1607479469209 0.09557811170816422 2
1607479469473 0.06689155846834183 2
1607479469728 0.028574712574481964 2
1607479469986 0.12662272155284882 2
1607479470261 0.18709246814250946 2
1607479470517 0.08825478702783585 2
1607479470775 0.09585490822792053 2
1607479471024 0.06677865236997604 2
1607479471272 0.003333883360028267 2
1607479471529 0.05821763724088669 2
1607479471791 0.0580517053604126 2
1607479472052 0.16031964123249054 2
1607479472313 0.1005466878414154 2
1607479472576 0.03216556832194328 2
1607479472838 0.04210260882973671 2
1607479473100 0.06355327367782593 2
1607479473349 0.022967319935560226 2
1607479473596 0.02007402293384075 2
1607479473846 0.07800506800413132 2
1607479474100 0.1927901655435562 2
1607479474349 0.08353359997272491 2
1607479474613 0.09031256288290024 2
1607479474863 0.04000627249479294 2
1607479475110 0.07492168247699738 2
1607479475361 0.006526176352053881 2
1607479475619 0.023806456476449966 2
1607479475875 0.11769775301218033 2
1607479476131 0.03757376968860626 2
1607479476383 0.005315839778631926 2
1607479476630 0.059498075395822525 2
1607479476881 0.013709994032979012 2
1607479477130 0.08635305613279343 2
1607479477378 0.021785924211144447 2
1607479477642 0.008098136633634567 2
1607479477918 0.015085196122527122 2
1607479478188 0.035131990909576416 2
1607479478441 0.1760958433151245 2
1607479478709 0.023748939856886864 2
1607479478981 0.029973968863487244 2
1607479479230 0.024708323180675507 2
1607479479476 0.22150690853595734 2
1607479479733 0.13872836530208588 2
1607479479982 0.07148122787475586 2
1607479480232 0.18623638153076172 2
1607479480487 0.11602431535720825 2
1607479480737 0.03580423817038536 2
1607479480987 0.1126018688082695 2
1607479481235 0.03731071576476097 2
1607479481481 0.08387435972690582 2
1607479481726 0.15335501730442047 2
1607479481983 0.12230933457612991 2
1607479482243 0.039265479892492294 2
1607479482494 0.05850592255592346 2
1607479482745 0.2803410291671753 2
1607479483000 0.021495163440704346 2
1607479483272 0.2802009582519531 2
1607479483528 0.04467012733221054 2
1607479483770 0.07157392799854279 2
1607479484011 0.008253664709627628 2
1607479484253 0.18423953652381897 2
1607479484497 0.052049387246370316 2
1607479484737 0.030364608392119408 2
1607479484982 0.1526680290699005 2
1607479485226 0.10880284756422043 2
1607479485471 0.041494160890579224 2
1607479485728 0.03805544227361679 2
1607479485977 0.01944940909743309 2
1607479486229 0.027214784175157547 2
1607479486473 0.21528254449367523 2
1607479486727 0.01542093325406313 2
1607479486979 0.04424078390002251 2
1607479487228 0.0674673393368721 2
1607479487472 0.03976535052061081 2
1607479487724 0.02474113367497921 2
1607479487969 0.165690079331398 2
1607479488239 0.04172462970018387 2
1607479488498 0.02815883234143257 2
1607479488743 0.19213171303272247 2
1607479488989 0.16191092133522034 2
1607479489235 0.04744168743491173 2
1607479489495 0.04090041667222977 2
1607479489741 0.16069769859313965 2
1607479489989 0.031507473438978195 2
1607479490236 0.1749076545238495 2
1607479490484 0.052988044917583466 2
1607479490740 0.035922691226005554 2
1607479490982 0.02920527569949627 2
1607479491228 0.049086105078458786 2
1607479491482 0.13586170971393585 2
1607479491725 0.05583418160676956 2
1607479491973 0.1108769029378891 2
1607479492215 0.0611782930791378 2
1607479492469 0.022911930456757545 2
1607479492709 0.14818888902664185 2
1607479492955 0.04845389351248741 2
1607479493210 0.020489118993282318 2
1607479493459 0.08452983945608139 2
1607479493706 0.008830808103084564 2
1607479493966 0.3760237991809845 2
1607479494219 0.08083391189575195 2
1607479494469 0.06370774656534195 2
1607479494711 0.07163643091917038 2
1607479494956 0.0499580092728138 2
1607479495253 0.062191639095544815 2
1607479495520 0.02182006649672985 2
1607479495771 0.004946586675941944 2
1607479496018 0.010984481312334538 2
1607479496260 0.04150434955954552 2
1607479496508 0.041098568588495255 2
1607479496747 0.009286395274102688 2
1607479496993 0.08246354758739471 2
1607479497247 0.1961524486541748 2
1607479497495 0.033618271350860596 2
1607479497740 0.12752816081047058 2
1607479497983 0.1350792944431305 2
1607479498232 0.06323812901973724 2
1607479498478 0.03787429258227348 2
1607479498729 0.02695518732070923 2
1607479498971 0.07594245672225952 2
1607479499216 0.018450193107128143 2
1607479499464 0.06458587944507599 2
1607479499709 0.10926572233438492 2
1607479499953 0.011468341574072838 2
1607479500204 0.12530680000782013 2
1607479500464 0.037661269307136536 2
1607479500733 0.012489283457398415 2
1607479500992 0.23430384695529938 2
1607479501258 0.0065515791065990925 2
1607479501525 0.04777338355779648 2
1607479501802 0.03168956935405731 2
1607479502067 0.04379282519221306 2
1607479502328 0.016503602266311646 2
1607479502613 0.03400019183754921 2
1607479502879 0.0164042878895998 2
1607479503152 0.047321632504463196 2
1607479503408 0.08785465359687805 2
1607479503676 0.011325987987220287 2
1607479503931 0.07253153622150421 2
1607479504188 0.07249490916728973 2
1607479504449 0.03795504942536354 2
1607479504714 0.0832933709025383 2
1607479504985 0.014010617509484291 2
1607479505262 0.009941012598574162 2
1607479505557 0.09619710594415665 2
1607479505835 0.12371759861707687 2
1607479506095 0.09135568141937256 2
1607479506356 0.07194028794765472 2
1607479506618 0.06968075037002563 2
1607479506879 0.17058062553405762 2
1607479507139 0.03697599843144417 2
1607479507404 0.11947891861200333 2
1607479507667 0.02115580067038536 2
1607479507931 0.03190943971276283 2
1607479508186 0.1389516144990921 2
1607479508452 0.025941645726561546 2
1607479508716 0.1799992173910141 2
1607479508978 0.025336703285574913 2
1607479509238 0.10999680310487747 2
1607479509496 0.0727844312787056 2
1607479509758 0.043046481907367706 2
1607479510020 0.1399034559726715 2
1607479510278 0.09832122176885605 2
1607479510542 0.08826948702335358 2
1607479510812 0.09588860720396042 2
1607479511091 0.15668885409832 2
1607479511357 0.08417972922325134 2
1607479511619 0.07645654678344727 2
1607479511883 0.021694770082831383 2
1607479512162 0.18382738530635834 2
1607479512444 0.01543148048222065 2
1607479512735 0.04590519890189171 2
1607479512996 0.10905703902244568 2
1607479513258 0.05407818779349327 2
1607479513518 0.024081848561763763 2
1607479513781 0.07508523017168045 2
1607479514042 0.004961004480719566 2
1607479514307 0.01566258631646633 2
1607479514565 0.18034566938877106 2
1607479514824 0.035067711025476456 2
1607479515082 0.037183113396167755 2
1607479515339 0.014180070720613003 2
1607479515605 0.05916323885321617 2
1607479515863 0.0781949982047081 2
1607479516121 0.09272975474596024 2
1607479516386 0.0846240296959877 2
1607479516649 0.018686853349208832 2
1607479516910 0.07835417985916138 2
1607479517173 0.09777390211820602 2
1607479517433 0.004955679643899202 2
1607479517693 0.015880899503827095 2
1607479517955 0.0650218278169632 2
1607479518226 0.010099228471517563 2
1607479518487 0.05633998289704323 2
1607479518747 0.07851766794919968 2
1607479519037 0.008166144602000713 2
1607479519299 0.012287821620702744 2
1607479519563 0.004484060686081648 2
1607479519823 0.0045735822059214115 2
1607479520079 0.05123617872595787 2
1607479520341 0.2765401005744934 2
1607479520608 0.048798900097608566 2
1607479520867 0.026269780471920967 2
1607479521131 0.03509792685508728 2
1607479521396 0.041128333657979965 2
1607479521657 0.16701918840408325 2
1607479521923 0.042811326682567596 2
1607479522186 0.0533113107085228 2
1607479522450 0.11909876763820648 2
1607479522708 0.0516820028424263 2
1607479522966 0.04821233078837395 2
1607479523228 0.040512990206480026 2
1607479523488 0.15808232128620148 2
1607479523746 0.034565966576337814 2
1607479524008 0.027380645275115967 2
1607479524277 0.05571526661515236 2
1607479524541 0.10408530384302139 2
1607479524798 0.07412496209144592 2
1607479525057 0.03624873235821724 2
1607479525314 0.06152227893471718 2
1607479525578 0.18150410056114197 2
1607479525849 0.010559257119894028 2
1607479526111 0.13863834738731384 2
1607479526375 0.08095869421958923 2
1607479526651 0.022165197879076004 2
1607479526918 0.12712638080120087 2
1607479527180 0.010949582792818546 2
1607479527446 0.01403113454580307 2
1607479527725 0.054909609258174896 2
1607479528003 0.03238651528954506 2
1607479528290 0.16839750111103058 2
1607479528580 0.008745555765926838 2
1607479528860 0.010675637982785702 2
1607479529243 0.02828117273747921 2
1607479529531 0.1322992444038391 2
1607479529898 0.06461729854345322 2
1607479530175 0.04744113236665726 2
1607479530441 0.13829264044761658 2
1607479530704 0.19885699450969696 2
1607479530965 0.059006012976169586 2
1607479531249 0.06135903671383858 2
1607479531545 0.07292880117893219 2
1607479531816 0.011043737642467022 2
1607479532140 0.29768216609954834 2
1607479532484 0.025772593915462494 2
1607479532813 0.08936455845832825 2
1607479533079 0.13971452414989471 2
1607479533363 0.026019316166639328 2
1607479533694 0.04489200934767723 2
1607479533988 0.08837500959634781 2
1607479534263 0.025606505572795868 2
1607479534524 0.026410100981593132 2
1607479534800 0.012029682286083698 2
1607479535061 0.007776170503348112 2
1607479535321 0.1380724012851715 2
1607479535585 0.07093799859285355 2
1607479535847 0.03781333193182945 2
1607479536116 0.026599951088428497 2
1607479536386 0.005994169972836971 2
1607479536650 0.04521440714597702 2
1607479536919 0.03228113800287247 2
1607479537180 0.005999142769724131 2
1607479537450 0.0075539699755609035 2
1607479537723 0.0028865598142147064 2
1607479538000 0.04477226734161377 2
1607479538292 0.20235177874565125 2
1607479538577 0.12470824271440506 2
1607479538846 0.10270488262176514 2
1607479539118 0.2407415211200714 2
1607479539383 0.03716588392853737 2
1607479539670 0.007645167410373688 2
1607479539950 0.012349285185337067 2
1607479540217 0.015036141499876976 2
1607479540483 0.1973530352115631 2
1607479540751 0.19931046664714813 2
1607479541025 0.02217017114162445 2
1607479541292 0.024214312434196472 2
1607479541560 0.05704957991838455 2
1607479541827 0.006808351259678602 2
1607479542089 0.26630592346191406 2
1607479542352 0.04014688730239868 2
1607479542616 0.02229561284184456 2
1607479542881 0.03294586390256882 2
1607479543143 0.011833127588033676 2
1607479543415 0.1374388486146927 2
1607479543689 0.011744323186576366 2
1607479543955 0.08922616392374039 2
1607479544217 0.2032061517238617 2
1607479544483 0.015683889389038086 2
1607479544746 0.052427299320697784 2
1607479545014 0.0953533723950386 2
1607479545285 0.03157855570316315 2
1607479545551 0.02831743285059929 2
1607479545822 0.04506351798772812 2
1607479546089 0.1375492364168167 2
1607479546365 0.07094604521989822 2
1607479546627 0.07016623765230179 2
1607479546884 0.0012401877902448177 2
1607479547147 0.004402459599077702 2
1607479547415 0.08345778286457062 2
1607479547678 0.12546639144420624 2
1607479547937 0.05069083720445633 2
1607479548206 0.062245067209005356 2
1607479548493 0.053662996739149094 2
1607479548795 0.04790230467915535 2
1607479549074 0.07085690647363663 2
1607479549337 0.0339641347527504 2
1607479549607 0.031785640865564346 2
1607479549869 0.13341829180717468 2
1607479550149 0.0049725305289030075 2
1607479550411 0.019595256075263023 2
1607479550678 0.13293428719043732 2
1607479550951 0.03726798668503761 2
1607479551215 0.02520027384161949 2
1607479551492 0.19349266588687897 2
1607479551766 0.04732973128557205 2
1607479552027 0.02446664310991764 2
1607479552289 0.04618366062641144 2
1607479552563 0.019749728962779045 2
1607479552828 0.0067770094610750675 2
1607479553118 0.0061769867315888405 2
1607479553403 0.1817064881324768 2
1607479553678 0.019605586305260658 2
1607479553945 0.12549324333667755 2
1607479554223 0.047258611768484116 2
1607479554550 0.2009885162115097 2
1607479554854 0.09981334954500198 2
1607479555153 0.2713494896888733 2
1607479555456 0.03987470641732216 2
1607479555754 0.07261819392442703 2
1607479556037 0.13186660408973694 2
1607479556313 0.10009574145078659 2
1607479556593 0.005549797788262367 2
1607479556862 0.006568808574229479 2
1607479557126 0.05395759642124176 2
1607479557398 0.0236869677901268 2
1607479557662 0.02937197871506214 2
1607479557926 0.005755913443863392 2
1607479558192 0.10963951051235199 2
1607479558468 0.040524765849113464 2
1607479558761 0.18860167264938354 2
1607479559067 0.0987870991230011 2
1607479559371 0.04147141054272652 2
1607479559658 0.01956857554614544 2
1607479559922 0.07648560404777527 2
1607479560193 0.06398370862007141 2
1607479560455 0.013617978431284428 2
1607479560715 0.11362409591674805 2
1607479560975 0.047700732946395874 2
1607479561233 0.020722726359963417 2
1607479561494 0.0628962516784668 2
1607479561760 0.11346366256475449 2
1607479562028 0.06845086067914963 2
1607479562288 0.011987551115453243 2
1607479562541 0.021426238119602203 2
1607479562788 0.11461881548166275 2
1607479563051 0.042057521641254425 2
1607479563307 0.09063948690891266 2
1607479563558 0.1140485405921936 2
1607479563798 0.01201373990625143 2
1607479564041 0.021328069269657135 2
1607479564286 0.0013547205599024892 2
1607479564535 0.007658770773559809 2
1607479564778 0.0275882538408041 2
1607479565019 0.06811358034610748 2
1607479565263 0.028472797945141792 2
1607479565518 0.0046906257048249245 2
1607479565765 0.16968299448490143 2
1607479566013 0.0997219979763031 2
1607479566259 0.015618067234754562 2
1607479566512 0.08759178221225739 2
1607479566759 0.08353684842586517 2
1607479567010 0.05133257806301117 2
1607479567271 0.11293641477823257 2
1607479567517 0.0069819665513932705 2
1607479567764 0.06845584511756897 2
1607479568017 0.008937203325331211 2
1607479568263 0.0881289392709732 2
1607479568516 0.025734957307577133 2
1607479568766 0.024476880207657814 2
1607479569014 0.027977121993899345 2
1607479569258 0.07793957740068436 2
1607479569514 0.03248017653822899 2
1607479569772 0.06068837642669678 2
1607479570993 0.19210289418697357 2
1607479571485 0.012645158916711807 2
1607479571786 0.0024609724059700966 2
1607479572828 0.07498285919427872 2
1607479573776 0.17403991520404816 2
1607479574057 0.01589934155344963 2
1607479574331 0.07199106365442276 2
1607479574586 0.06253975629806519 2
1607479574840 0.0021423452999442816 2
1607479575107 0.004815380088984966 2
1607479575363 0.11066009104251862 2
1607479575621 0.061463307589292526 2
1607479575881 0.04996539279818535 2
1607479576150 0.01794358901679516 2
1607479576404 0.08724465221166611 2
1607479576650 0.004002219531685114 2
1607479576896 0.0528116375207901 2
1607479577139 0.0365743562579155 2
1607479577389 0.1941063553094864 2
1607479577631 0.012754756957292557 2
1607479577874 0.007129937410354614 2
1607479578142 0.030081067234277725 2
1607479578406 0.006068529561161995 2
1607479578660 0.062172144651412964 2
1607479578908 0.0021151851397007704 2
1607479579152 0.004795767366886139 2
1607479579414 0.029461119323968887 2
1607479579665 0.03551419451832771 2
1607479579908 0.028966397047042847 2
1607479580150 0.04880516976118088 2
1607479580394 0.0018065107287839055 2
1607479580638 0.003436670871451497 2
1607479580890 0.009817910380661488 2
1607479581133 0.0007277021650224924 2
1607479581379 0.01062521617859602 2
1607479581624 0.04829178750514984 2
1607479581866 0.011519751511514187 2
1607479582120 0.0001595140201970935 2
1607479582363 0.0013490283163264394 2
1607479582607 0.0004980700323358178 2
1607479582847 0.00146525411400944 2
1607479583093 0.006023001857101917 2
1607479583344 0.09508423507213593 2
1607479583591 0.03614158555865288 2
1607479583836 0.058941710740327835 2
1607479584079 0.0029551228508353233 2
1607479584321 0.002945713698863983 2
1607479584567 0.006305081769824028 2
1607479584810 0.21802616119384766 2
1607479585054 0.3516041934490204 2
1607479585297 0.015408811159431934 2
1607479585542 0.0005574385286308825 2
1607479585799 0.2552850842475891 2
1607479585948 0.0033519186545163393 2
