1607405099645 2.3054006099700928 1
1607405099762 2.377336025238037 1
1607405099864 2.432109832763672 1
1607405099973 2.160216808319092 1
1607405100085 1.8238850831985474 1
1607405100186 1.8504832983016968 1
1607405100300 1.7076609134674072 1
1607405100403 1.515904188156128 1
1607405100503 1.2966653108596802 1
1607405100611 1.6884665489196777 1
1607405100712 1.3597761392593384 1
1607405100812 1.2546613216400146 1
1607405100912 1.177436113357544 1
1607405101020 1.2450244426727295 1
1607405101126 1.049556851387024 1
1607405101227 0.8993903994560242 1
1607405101328 1.0995210409164429 1
1607405101428 1.0496189594268799 1
1607405101532 0.7653358578681946 1
1607405101634 0.8831831812858582 1
1607405101757 0.8428845405578613 1
1607405101877 0.9918550252914429 1
1607405102064 0.8523795008659363 1
1607405102225 0.5529791712760925 1
1607405102341 0.5577016472816467 1
1607405102450 0.3528273105621338 1
1607405102562 0.31260499358177185 1
1607405102721 0.3868005573749542 1
1607405102893 0.5806180834770203 1
1607405103028 0.636213481426239 1
1607405103129 0.5870473980903625 1
1607405103229 0.45032694935798645 1
1607405103329 0.4257398247718811 1
1607405103439 0.28448811173439026 1
1607405103540 0.3118765950202942 1
1607405103640 0.3383429944515228 1
1607405103740 0.49310171604156494 1
1607405103841 0.5996603965759277 1
1607405103941 0.45904219150543213 1
1607405104042 0.19111871719360352 1
1607405104143 0.3686783015727997 1
1607405104250 0.5808104872703552 1
1607405104351 0.5933241248130798 1
1607405104458 0.3409908711910248 1
1607405104558 0.23888204991817474 1
1607405104662 0.3415476977825165 1
1607405104762 0.3061037063598633 1
1607405104863 0.6044713258743286 1
1607405104968 0.38797080516815186 1
1607405105069 0.29481688141822815 1
1607405105175 0.4681107699871063 1
1607405105276 0.3322713375091553 1
1607405105377 0.32807379961013794 1
1607405105485 0.43983957171440125 1
1607405105585 0.31089457869529724 1
1607405105684 0.3506675362586975 1
1607405105786 0.17124836146831512 1
1607405105887 0.3248654305934906 1
1607405105988 0.4926817715167999 1
1607405106128 0.2874089181423187 1
1607405106284 0.2643347382545471 1
1607405106443 0.1273510903120041 1
1607405106588 0.3448675870895386 1
1607405106788 0.29484471678733826 1
1607405106980 0.37717026472091675 1
1607405107207 0.3006758391857147 1
1607405107408 0.22256825864315033 1
1607405107569 0.29503005743026733 1
1607405107754 0.3108235001564026 1
1607405107889 0.29323261976242065 1
1607405108020 0.2882640063762665 1
1607405108143 0.24286490678787231 1
1607405108262 0.2802867293357849 1
1607405108372 0.2617369592189789 1
1607405108482 0.465386301279068 1
1607405108601 0.3240519165992737 1
1607405108734 0.2132495790719986 1
1607405108840 0.45180195569992065 1
1607405108942 0.20741628110408783 1
1607405109114 0.21513450145721436 1
1607405109267 0.5798781514167786 1
1607405109443 0.3280036151409149 1
1607405109647 0.28208649158477783 1
1607405109889 0.25454607605934143 1
1607405110093 0.13084512948989868 1
1607405110283 0.17776727676391602 1
1607405110463 0.44209522008895874 1
1607405110654 0.23142893612384796 1
1607405110809 0.23886774480342865 1
1607405110914 0.40883108973503113 1
1607405111027 0.22597134113311768 1
1607405111176 0.24028800427913666 1
1607405111317 0.2690432667732239 1
1607405111420 0.21441033482551575 1
1607405111529 0.15317414700984955 1
1607405111647 0.2014874964952469 1
1607405111761 0.11635644733905792 1
1607405111876 0.2788224518299103 1
1607405112102 0.25795555114746094 1
1607405112218 0.2841470539569855 1
1607405112337 0.23543530702590942 1
1607405112460 0.42265745997428894 1
1607405112612 0.16193515062332153 1
1607405112760 0.1372496336698532 1
1607405112875 0.2624244689941406 1
1607405112981 0.18933025002479553 1
1607405113104 0.28952887654304504 1
1607405113214 0.40687060356140137 1
1607405113325 0.33186203241348267 1
1607405113428 0.3910849988460541 1
1607405113533 0.33419331908226013 1
1607405113636 0.28792768716812134 1
1607405113750 0.3150280714035034 1
1607405113855 0.3730228841304779 1
1607405113956 0.22008930146694183 1
1607405114062 0.1463042050600052 1
1607405114174 0.12343697249889374 1
1607405114275 0.2201572060585022 1
1607405114396 0.13339373469352722 1
1607405114534 0.27218374609947205 1
1607405114727 0.20537693798542023 1
1607405114889 0.2811945676803589 1
1607405115024 0.20801907777786255 1
1607405115145 0.2728426158428192 1
1607405115259 0.28961896896362305 1
1607405115382 0.18063156306743622 1
1607405115570 0.3129711151123047 1
1607405115753 0.1160203069448471 1
1607405115946 0.4753921627998352 1
1607405116107 0.36752283573150635 1
1607405116232 0.22412905097007751 1
1607405116335 0.15777333080768585 1
1607405116438 0.49781420826911926 1
1607405116545 0.09048231691122055 1
1607405116647 0.20145171880722046 1
1607405116747 0.49380794167518616 1
1607405116846 0.552547812461853 1
1607405116957 0.3368184566497803 1
1607405117084 0.3389643132686615 1
1607405117215 0.3744600713253021 1
1607405117364 0.26877710223197937 1
1607405117550 0.07756748050451279 1
1607405117711 0.38683825731277466 1
1607405117846 0.14751361310482025 1
1607405117945 0.31230616569519043 1
1607405118048 0.21854758262634277 1
1607405118200 0.3673386573791504 1
1607405118325 0.30607888102531433 1
1607405118463 0.31716543436050415 1
1607405118617 0.19973322749137878 1
1607405118755 0.11061564087867737 1
1607405118858 0.06291833519935608 1
1607405118957 0.261810302734375 1
1607405119071 0.08191459625959396 1
1607405119177 0.06461888551712036 1
1607405119305 0.08081189543008804 1
1607405119413 0.21891635656356812 1
1607405119515 0.27234145998954773 1
1607405119616 0.24771873652935028 1
1607405119722 0.28484290838241577 1
1607405119859 0.2591628432273865 1
1607405120021 0.14022666215896606 1
1607405120196 0.04610263928771019 1
1607405120374 0.07460574805736542 1
1607405120504 0.029460271820425987 1
1607405120631 0.0448465496301651 1
1607405120738 0.050007425248622894 1
1607405120840 0.14925003051757812 1
1607405120943 0.1314225196838379 1
1607405121058 0.1851664036512375 1
1607405121166 0.09080974757671356 1
1607405121279 0.20391184091567993 1
1607405121390 0.17417004704475403 1
1607405121501 0.1649273782968521 1
1607405121619 0.17091743648052216 1
1607405121754 0.24904893338680267 1
1607405121880 0.18140432238578796 1
1607405122013 0.18762734532356262 1
1607405122167 0.1402781456708908 1
1607405122303 0.14667193591594696 1
1607405122417 0.45031431317329407 1
1607405122535 0.3792555630207062 1
1607405122644 0.37574082612991333 1
1607405122754 0.26003724336624146 1
1607405122857 0.140894815325737 1
1607405122966 0.22968493402004242 1
1607405123076 0.16486284136772156 1
1607405123196 0.19878144562244415 1
1607405123318 0.38166332244873047 1
1607405123447 0.12997610867023468 1
1607405123568 0.27160343527793884 1
1607405123696 0.24771705269813538 1
1607405123832 0.2050425261259079 1
1607405123964 0.2607087194919586 1
1607405124074 0.11076846718788147 1
1607405124175 0.24432025849819183 1
1607405124275 0.38669025897979736 1
1607405124376 0.4448484182357788 1
1607405124476 0.13673369586467743 1
1607405124581 0.15834419429302216 1
1607405124686 0.2537100911140442 1
1607405124789 0.1358407884836197 1
1607405124892 0.20704446732997894 1
1607405125000 0.26836830377578735 1
1607405125112 0.24125418066978455 1
1607405125215 0.24947325885295868 1
1607405125317 0.15477360785007477 1
1607405125419 0.1784629225730896 1
1607405125520 0.13547144830226898 1
1607405125629 0.2368602752685547 1
1607405125745 0.2108496129512787 1
1607405125852 0.1861995905637741 1
1607405125965 0.03458709269762039 1
1607405126084 0.14754532277584076 1
1607405126191 0.31938230991363525 1
1607405126298 0.08853457123041153 1
1607405126405 0.14663930237293243 1
1607405126511 0.2747543752193451 1
1607405126615 0.4240829348564148 1
1607405126719 0.19529113173484802 1
1607405126821 0.12465250492095947 1
1607405126924 0.1977842003107071 1
1607405127062 0.17402377724647522 1
1607405127245 0.260483980178833 1
1607405127396 0.3149704337120056 1
1607405127540 0.10975459218025208 1
1607405127643 0.11326056718826294 1
1607405127778 0.29801008105278015 1
1607405127888 0.19889140129089355 1
1607405127995 0.1350308507680893 1
1607405128103 0.38332733511924744 1
1607405128222 0.21395444869995117 1
1607405128328 0.11739583313465118 1
1607405128438 0.13683979213237762 1
1607405128542 0.020253628492355347 1
1607405128653 0.08623646199703217 1
1607405128759 0.3896024227142334 1
1607405128868 0.1436445116996765 1
1607405129033 0.1263282746076584 1
1607405129175 0.0882592722773552 1
1607405129288 0.1326095014810562 1
1607405129408 0.2667931020259857 1
1607405129542 0.16480949521064758 1
1607405129681 0.0903330147266388 1
1607405129875 0.07175785303115845 1
1607405130101 0.10825242102146149 1
1607405130288 0.09617017954587936 1
1607405130423 0.2681320905685425 1
1607405130558 0.11541526764631271 1
1607405130709 0.3366495370864868 1
1607405130858 0.11478482931852341 1
1607405131001 0.07295051217079163 1
1607405131181 0.16505300998687744 1
1607405131351 0.05025206506252289 1
1607405131545 0.08922404795885086 1
1607405131743 0.09886384755373001 1
1607405131963 0.17993569374084473 1
1607405132210 0.11000511050224304 1
1607405132420 0.1496058702468872 1
1607405132628 0.16451813280582428 1
1607405132829 0.16838973760604858 1
1607405132999 0.2698434591293335 1
1607405133230 0.10358987003564835 1
1607405133419 0.07969052344560623 1
1607405133612 0.17675451934337616 1
1607405133884 0.1584913283586502 1
1607405134048 0.1093035414814949 1
1607405134197 0.12305166572332382 1
1607405134362 0.040046729147434235 1
1607405134481 0.13173790276050568 1
1607405134601 0.08378174155950546 1
1607405134728 0.10803808271884918 1
1607405134860 0.07515808194875717 1
1607405135034 0.12353058159351349 1
1607405135201 0.20749858021736145 1
1607405135367 0.16645735502243042 1
1607405135534 0.10760073363780975 1
1607405135687 0.40009474754333496 1
1607405135810 0.22565636038780212 1
1607405135945 0.179740309715271 1
1607405136072 0.1980016529560089 1
1607405136198 0.11458928883075714 1
1607405136327 0.24371911585330963 1
1607405136459 0.16837665438652039 1
1607405136575 0.057792432606220245 1
1607405136692 0.13775032758712769 1
1607405136846 0.22753901779651642 1
1607405136983 0.10219644755125046 1
1607405137133 0.12864884734153748 1
1607405137269 0.04109589383006096 1
1607405137393 0.17314094305038452 1
1607405137505 0.06474599242210388 1
1607405137614 0.1305144876241684 1
1607405137729 0.13071824610233307 1
1607405137831 0.05531863868236542 1
1607405137936 0.03361628204584122 1
1607405138042 0.042378950864076614 1
1607405138161 0.0529700331389904 1
1607405138290 0.3353274166584015 1
1607405138412 0.19518987834453583 1
1607405138545 0.28713706135749817 1
1607405138665 0.09527852386236191 1
1607405138793 0.319782018661499 1
1607405138910 0.07018101215362549 1
1607405139012 0.20466922223567963 1
1607405139126 0.1821325272321701 1
1607405139257 0.06638608127832413 1
1607405139388 0.0382937416434288 1
1607405139512 0.00797965470701456 1
1607405139634 0.1697949469089508 1
1607405139750 0.06781797856092453 1
1607405139864 0.031029995530843735 1
1607405140004 0.2044345736503601 1
1607405140115 0.21945296227931976 1
1607405140218 0.08625823259353638 1
1607405140321 0.24663981795310974 1
1607405140429 0.10032228380441666 1
1607405140537 0.3103969991207123 1
1607405140640 0.1773538440465927 1
1607405140742 0.11611128598451614 1
1607405140841 0.04094478115439415 1
1607405140941 0.1669793576002121 1
1607405141047 0.2787564992904663 1
1607405141162 0.1721946746110916 1
1607405141264 0.2536199390888214 1
1607405141365 0.1091320812702179 1
1607405141466 0.33614519238471985 1
1607405141566 0.3219614326953888 1
1607405141671 0.09973292052745819 1
1607405141772 0.1542724221944809 1
1607405141875 0.23707719147205353 1
1607405141976 0.06885408610105515 1
1607405142080 0.10174459964036942 1
1607405142187 0.06679806113243103 1
1607405142291 0.11249569803476334 1
1607405142391 0.07332836091518402 1
1607405142491 0.04348733276128769 1
1607405142592 0.18818558752536774 1
1607405142693 0.06555444747209549 1
1607405142796 0.027791932225227356 1
1607405142897 0.012166101485490799 1
1607405142998 0.04888274893164635 1
1607405143119 0.3164185881614685 1
1607405143232 0.115135058760643 1
1607405143333 0.04447440803050995 1
1607405143435 0.22738535702228546 1
1607405143536 0.17174780368804932 1
1607405143636 0.20043553411960602 1
1607405143738 0.1987912654876709 1
1607405143839 0.024134336039423943 1
1607405143940 0.0734635591506958 1
1607405144044 0.2946602702140808 1
1607405144145 0.2261934131383896 1
1607405144252 0.22190755605697632 1
1607405144355 0.1037067323923111 1
1607405144457 0.29406726360321045 1
1607405144561 0.09831014275550842 1
1607405144664 0.03299110382795334 1
1607405144770 0.023883648216724396 1
1607405144871 0.05014641210436821 1
1607405144971 0.24444884061813354 1
1607405145073 0.13028071820735931 1
1607405145179 0.11300887167453766 1
1607405145290 0.02820848487317562 1
1607405145395 0.08500221371650696 1
1607405145496 0.09433325380086899 1
1607405145598 0.08527903258800507 1
1607405145699 0.02356276661157608 1
1607405145799 0.17528848350048065 1
1607405145923 0.05383371189236641 1
1607405146024 0.10131575912237167 1
1607405146129 0.13603173196315765 1
1607405146244 0.19281917810440063 1
1607405146354 0.2036333978176117 1
1607405146470 0.11468268930912018 1
1607405146581 0.192312091588974 1
1607405146683 0.03252290189266205 1
1607405146783 0.08707080036401749 1
1607405146885 0.06719530373811722 1
1607405146993 0.08484868705272675 1
1607405147100 0.014487586915493011 1
1607405147206 0.07609093189239502 1
1607405147316 0.1045142188668251 1
1607405147425 0.08352679014205933 1
1607405147526 0.21772518754005432 1
1607405147629 0.1967640221118927 1
1607405147729 0.1747223138809204 1
1607405147835 0.23733019828796387 1
1607405147937 0.07457084953784943 1
1607405148037 0.0665416345000267 1
1607405148141 0.12488679587841034 1
1607405148241 0.07038741558790207 1
1607405148342 0.026308279484510422 1
1607405148450 0.08928454667329788 1
1607405148549 0.1972191333770752 1
1607405148650 0.3119180500507355 1
1607405148749 0.066987544298172 1
1607405148849 0.02134762331843376 1
1607405148956 0.23056964576244354 1
1607405149063 0.2756316363811493 1
1607405149162 0.07007607072591782 1
1607405149262 0.12171542644500732 1
1607405149364 0.1640467792749405 1
1607405149468 0.3109443187713623 1
1607405149568 0.10245108604431152 1
1607405149674 0.10067318379878998 1
1607405149776 0.10547728836536407 1
1607405149880 0.13959072530269623 1
1607405149981 0.08818993717432022 1
1607405150089 0.0616174153983593 1
1607405150189 0.07524456083774567 1
1607405150292 0.10660623013973236 1
1607405150398 0.18088015913963318 1
1607405150511 0.12365087121725082 1
1607405150611 0.0752558559179306 1
1607405150713 0.17654666304588318 1
1607405150816 0.376030296087265 1
1607405150919 0.22480501234531403 1
1607405151025 0.08295445889234543 1
1607405151160 0.11986487358808517 1
1607405151300 0.3106941878795624 1
1607405151429 0.04536346718668938 1
1607405151557 0.16688521206378937 1
1607405151698 0.16801327466964722 1
1607405151831 0.24975435435771942 1
1607405151956 0.2522469460964203 1
1607405152098 0.13716989755630493 1
1607405152227 0.05092433840036392 1
1607405152360 0.07292947918176651 1
1607405152479 0.21806390583515167 1
1607405152607 0.2602927088737488 1
1607405152742 0.20718435943126678 1
1607405152872 0.1572907269001007 1
1607405152983 0.058633774518966675 1
1607405153119 0.1638631373643875 1
1607405153226 0.0916416123509407 1
1607405153328 0.053148746490478516 1
1607405153439 0.03878198564052582 1
1607405153552 0.0361260287463665 1
1607405153666 0.2605245113372803 1
1607405153778 0.09853529185056686 1
1607405153892 0.06572785973548889 1
1607405154015 0.026983890682458878 1
1607405154138 0.42145323753356934 1
1607405154245 0.15845699608325958 1
1607405154353 0.06345155835151672 1
1607405154459 0.08681534975767136 1
1607405154608 0.33273062109947205 1
1607405154744 0.09405114501714706 1
1607405154864 0.09246905893087387 1
1607405154980 0.14836496114730835 1
1607405155113 0.026965901255607605 1
1607405155300 0.10542977601289749 1
1607405155444 0.13428261876106262 1
1607405155583 0.12474863976240158 1
1607405155741 0.18132136762142181 1
1607405155907 0.16901487112045288 1
1607405156047 0.049108486622571945 1
1607405156321 0.07749592512845993 1
1607405156566 0.26120200753211975 1
1607405156692 0.04900379851460457 1
1607405156839 0.07129082828760147 1
1607405157032 0.10729977488517761 1
1607405157181 0.1007167249917984 1
1607405157301 0.19119670987129211 1
1607405157416 0.048592936247587204 1
1607405157585 0.17091302573680878 1
1607405157757 0.1509810984134674 1
1607405157907 0.28071409463882446 1
1607405158021 0.15232720971107483 1
1607405158141 0.17953231930732727 1
1607405158252 0.09521506726741791 1
1607405158366 0.07193545252084732 1
1607405158492 0.034533701837062836 1
1607405158645 0.07329165190458298 1
1607405158798 0.044173967093229294 1
1607405158903 0.2145095020532608 1
1607405159006 0.26838526129722595 1
1607405159111 0.18105043470859528 1
1607405159218 0.045753709971904755 1
1607405159330 0.05615491420030594 1
1607405159441 0.1947014033794403 1
1607405159561 0.10208998620510101 1
1607405159720 0.056152716279029846 1
1607405159869 0.12816648185253143 1
1607405159988 0.10698432475328445 1
1607405160089 0.12921571731567383 1
1607405160192 0.18335410952568054 1
1607405160294 0.12785036861896515 1
1607405160393 0.11826851218938828 1
1607405160492 0.10636977851390839 1
1607405160595 0.08671901375055313 1
1607405160721 0.11454425752162933 1
1607405160832 0.12675100564956665 1
1607405160957 0.20125947892665863 1
1607405161097 0.23369108140468597 1
1607405161219 0.19357356429100037 1
1607405161326 0.12800651788711548 1
1607405161433 0.045023880898952484 1
1607405161534 0.14017720520496368 1
1607405161636 0.20776508748531342 1
1607405161767 0.15102353692054749 1
1607405161883 0.0829501524567604 1
1607405162059 0.06730932742357254 1
1607405162212 0.1819162517786026 1
1607405162360 0.31571561098098755 1
1607405162517 0.11265743523836136 1
1607405162640 0.20708110928535461 1
1607405162757 0.16203752160072327 1
1607405162867 0.02381785400211811 1
1607405162981 0.10783781111240387 1
1607405163092 0.09457346796989441 1
1607405163197 0.2667258381843567 1
1607405163307 0.29801085591316223 1
1607405163434 0.04496539384126663 1
1607405163558 0.01837746798992157 1
1607405163702 0.2692562937736511 1
1607405163836 0.13004401326179504 1
1607405163964 0.03856922313570976 1
1607405164125 0.12790895998477936 1
1607405164258 0.05971219390630722 1
1607405164394 0.1548262983560562 1
1607405164507 0.09145691245794296 1
1607405164622 0.0768541544675827 1
1607405164732 0.120699442923069 1
1607405164834 0.021715326234698296 1
1607405164937 0.1119961068034172 1
1607405165037 0.09718813002109528 1
1607405165137 0.08654718101024628 1
1607405165238 0.014026354998350143 1
1607405165341 0.017481056973338127 1
1607405165443 0.03774556145071983 1
1607405165563 0.1212659478187561 1
1607405165688 0.06149109825491905 1
1607405165793 0.10753405094146729 1
1607405165895 0.05496673285961151 1
1607405165997 0.032641004770994186 1
1607405166106 0.2192438840866089 1
1607405166228 0.11643442511558533 1
1607405166335 0.17248541116714478 1
1607405166438 0.013568690046668053 1
1607405166549 0.23700305819511414 1
1607405166684 0.17198073863983154 1
1607405166817 0.059949688613414764 1
1607405166946 0.2928104102611542 1
1607405167100 0.11307942122220993 1
1607405167224 0.16944357752799988 1
1607405167345 0.1119324117898941 1
1607405167467 0.04679087921977043 1
1607405167594 0.14924059808254242 1
1607405167700 0.2272162139415741 1
1607405167813 0.04586450010538101 1
1607405167922 0.027244925498962402 1
1607405168042 0.047076258808374405 1
1607405168169 0.381964772939682 1
1607405168271 0.08342745900154114 1
1607405168374 0.16244138777256012 1
1607405168476 0.043290942907333374 1
1607405168578 0.08953893184661865 1
1607405168687 0.008533567190170288 1
1607405168797 0.18649433553218842 1
1607405168901 0.16163133084774017 1
1607405169009 0.0972311794757843 1
1607405169120 0.1811535805463791 1
1607405169223 0.05390630662441254 1
1607405169325 0.054857321083545685 1
1607405169426 0.17557571828365326 1
1607405169527 0.06654807180166245 1
1607405169626 0.03368828445672989 1
1607405169726 0.19003276526927948 1
1607405169825 0.03900645673274994 1
1607405169926 0.1446482390165329 1
1607405170032 0.028333468362689018 1
1607405170140 0.1644340455532074 1
1607405170251 0.15634848177433014 1
1607405170357 0.045929811894893646 1
1607405170458 0.11952725052833557 1
1607405170558 0.05903992801904678 1
1607405170660 0.3594695031642914 1
1607405170766 0.3224237561225891 1
1607405170869 0.08682835847139359 1
1607405170976 0.02807811088860035 1
1607405171081 0.12176728993654251 1
1607405171190 0.18116869032382965 1
1607405171294 0.13795499503612518 1
1607405171399 0.1384730190038681 1
1607405171508 0.18425855040550232 1
1607405171619 0.0664617195725441 1
1607405171725 0.08780784159898758 1
1607405171829 0.1505100578069687 1
1607405171937 0.12408913671970367 1
1607405172045 0.14232730865478516 1
1607405172166 0.09594116359949112 1
1607405172278 0.03642512112855911 1
1607405172385 0.12931744754314423 1
1607405172494 0.07899296283721924 1
1607405172596 0.02591436542570591 1
1607405172698 0.07059381902217865 1
1607405172798 0.042975738644599915 1
1607405172903 0.19772382080554962 1
1607405173006 0.14564239978790283 1
1607405173109 0.1847030520439148 1
1607405173216 0.1059115082025528 1
1607405173328 0.18997469544410706 1
1607405173433 0.16687066853046417 1
1607405173536 0.021756423637270927 1
1607405173637 0.02493489347398281 1
1607405173740 0.0245760977268219 1
1607405173843 0.09096723049879074 1
1607405173947 0.08982603251934052 1
1607405174068 0.037566762417554855 1
1607405174170 0.06760741770267487 1
1607405174275 0.10810436308383942 1
1607405174390 0.09016956388950348 1
1607405174493 0.29123473167419434 1
1607405174597 0.32986509799957275 1
1607405174705 0.12633660435676575 1
1607405174809 0.10983917862176895 1
1607405174910 0.09787458181381226 1
1607405175012 0.13386961817741394 1
1607405175112 0.016049304977059364 1
1607405175212 0.12614603340625763 1
1607405175312 0.02183620259165764 1
1607405175419 0.10406223684549332 1
1607405175520 0.11750109493732452 1
1607405175622 0.14380452036857605 1
1607405175726 0.07063978910446167 1
1607405175838 0.10388962924480438 1
1607405175940 0.17005513608455658 1
1607405176042 0.12267161905765533 1
1607405176142 0.06624140590429306 1
1607405176250 0.0598943755030632 1
1607405176356 0.07652530819177628 1
1607405176463 0.11476486176252365 1
1607405176566 0.12073955684900284 1
1607405176668 0.18117322027683258 1
1607405176769 0.0811348706483841 1
1607405176871 0.1337757557630539 1
1607405176983 0.06634090840816498 1
1607405177094 0.05655089020729065 1
1607405177198 0.10410331934690475 1
1607405177302 0.15993188321590424 1
1607405177413 0.03697185963392258 1
1607405177524 0.10313156992197037 1
1607405177627 0.13002505898475647 1
1607405177728 0.21630536019802094 1
1607405177830 0.2198130339384079 1
1607405177935 0.25667476654052734 1
1607405178038 0.07575255632400513 1
1607405178146 0.11254603415727615 1
1607405178247 0.10983603447675705 1
1607405178351 0.04923723638057709 1
1607405178460 0.07669372111558914 1
1607405178571 0.12722031772136688 1
1607405178673 0.10469438880681992 1
1607405178775 0.0820409506559372 1
1607405178877 0.10654708743095398 1
1607405178985 0.03080914169549942 1
1607405179101 0.10005932301282883 1
1607405179204 0.07551861554384232 1
1607405179307 0.08891195058822632 1
1607405179412 0.06425270438194275 1
1607405179525 0.22344808280467987 1
1607405179634 0.23708476126194 1
1607405179740 0.09503789246082306 1
1607405179846 0.12312164157629013 1
1607405179950 0.09478422999382019 1
1607405180072 0.09363222122192383 1
1607405180178 0.031715020537376404 1
1607405180291 0.14439469575881958 1
1607405180396 0.07773858308792114 1
1607405180499 0.0885223001241684 1
1607405180614 0.24861325323581696 1
1607405180724 0.0936519205570221 1
1607405180828 0.10906098783016205 1
1607405180936 0.2834818661212921 1
1607405181045 0.02163098007440567 1
1607405181149 0.09052007645368576 1
1607405181257 0.1824198216199875 1
1607405181364 0.04852251335978508 1
1607405181469 0.22172285616397858 1
1607405181572 0.0919206291437149 1
1607405181685 0.14271584153175354 1
1607405181795 0.039245739579200745 1
1607405181901 0.138802632689476 1
1607405182008 0.16798700392246246 1
1607405182132 0.08360343426465988 1
1607405182282 0.1332131177186966 1
1607405182427 0.15998807549476624 1
1607405182542 0.09044494479894638 1
1607405182648 0.04904114454984665 1
1607405182765 0.17991362512111664 1
1607405182889 0.0423707515001297 1
1607405183029 0.1057918593287468 1
1607405183150 0.2387116551399231 1
1607405183264 0.2410137951374054 1
1607405183375 0.030645260587334633 1
1607405183485 0.038980625569820404 1
1607405183590 0.08859287947416306 1
1607405183701 0.04525063931941986 1
1607405183808 0.15500853955745697 1
1607405183919 0.11248805373907089 1
1607405184034 0.07090184092521667 1
1607405184147 0.11629576236009598 1
1607405184252 0.06370870769023895 1
1607405184360 0.14050331711769104 1
1607405184465 0.07152445614337921 1
1607405184570 0.030246417969465256 1
1607405184677 0.13051491975784302 1
1607405184784 0.09859832376241684 1
1607405184892 0.20210692286491394 1
1607405185011 0.08219148218631744 1
1607405185156 0.2963051497936249 1
1607405185317 0.12901252508163452 1
1607405185449 0.07243985682725906 1
1607405185558 0.24755731225013733 1
1607405185663 0.06843593716621399 1
1607405185770 0.10690897703170776 1
1607405185879 0.09306903183460236 1
1607405186009 0.12302641570568085 1
1607405186121 0.15878863632678986 1
1607405186240 0.06023397296667099 1
1607405186355 0.16267329454421997 1
1607405186466 0.2643090784549713 1
1607405186577 0.09014153480529785 1
1607405186687 0.17172971367835999 1
1607405186795 0.07247790694236755 1
1607405186904 0.05416760966181755 1
1607405187013 0.02699023112654686 1
1607405187128 0.0956159308552742 1
1607405187236 0.17047981917858124 1
1607405187345 0.08255191892385483 1
1607405187466 0.16966190934181213 1
1607405187577 0.06725351512432098 1
1607405187682 0.21989808976650238 1
1607405187791 0.12468241900205612 1
1607405187899 0.039916131645441055 1
1607405188010 0.09411050379276276 1
1607405188115 0.22044222056865692 1
1607405188222 0.10038350522518158 1
1607405188335 0.13297370076179504 1
1607405188444 0.21823185682296753 1
1607405188561 0.09636644273996353 1
1607405188671 0.08728153258562088 1
1607405188780 0.05007569491863251 1
1607405188892 0.03197626769542694 1
1607405189006 0.06815401464700699 1
1607405189139 0.07865862548351288 1
1607405189265 0.2427741289138794 1
1607405189379 0.06486856937408447 1
1607405189489 0.06965858489274979 1
1607405189602 0.1141316220164299 1
1607405189747 0.030004963278770447 1
1607405189861 0.06023171544075012 1
1607405189986 0.11440560221672058 1
1607405190096 0.1356121301651001 1
1607405190204 0.09977254271507263 1
1607405190317 0.07266886532306671 1
1607405190424 0.056290511041879654 1
1607405190532 0.035643815994262695 1
1607405190642 0.022371573373675346 1
1607405190750 0.033071719110012054 1
1607405190883 0.04326745495200157 1
1607405190993 0.032946519553661346 1
1607405191111 0.2538376450538635 1
1607405191223 0.35493674874305725 1
1607405191330 0.17896094918251038 1
1607405191437 0.13284462690353394 1
1607405191543 0.3126045763492584 1
1607405191652 0.08232728391885757 1
1607405191785 0.05865101516246796 1
1607405191892 0.057118870317935944 1
1607405192003 0.026619508862495422 1
1607405192113 0.16273024678230286 1
1607405192222 0.4325588047504425 1
1607405192327 0.06838592886924744 1
1607405192437 0.06859691441059113 1
1607405192542 0.08816218376159668 1
1607405192647 0.07980743795633316 1
1607405192751 0.2561214864253998 1
1607405192858 0.06256796419620514 1
1607405192963 0.014880829490721226 1
1607405193097 0.06926783919334412 1
1607405193203 0.07132265716791153 1
1607405193308 0.2490418553352356 1
1607405193415 0.1666773110628128 1
1607405193522 0.15412040054798126 1
1607405193629 0.3786918818950653 1
1607405193734 0.05093427002429962 1
1607405193849 0.19738467037677765 1
1607405193960 0.10232774913311005 1
1607405194074 0.09909594804048538 1
1607405194201 0.05648074299097061 1
1607405194307 0.08557498455047607 1
1607405194412 0.03052477166056633 1
1607405194519 0.1367122232913971 1
1607405194623 0.06063568964600563 1
1607405194730 0.015281104482710361 1
1607405194836 0.015456011518836021 1
1607405194941 0.024937374517321587 1
1607405195054 0.2860671281814575 1
1607405195163 0.10773921012878418 1
1607405195291 0.07296685874462128 1
1607405195398 0.057765230536460876 1
1607405195504 0.08727627992630005 1
1607405195610 0.07552775740623474 1
1607405195716 0.010948508977890015 1
1607405195822 0.02652043290436268 1
1607405195928 0.17968901991844177 1
1607405196036 0.01848842203617096 1
1607405196141 0.02098509855568409 1
1607405196253 0.12687574326992035 1
1607405196379 0.19149599969387054 1
1607405196488 0.09429441392421722 1
1607405196596 0.1987248957157135 1
1607405196706 0.08757030218839645 1
1607405196813 0.051461756229400635 1
1607405196918 0.15254457294940948 1
1607405197027 0.024752067402005196 1
1607405197136 0.05272388830780983 1
1607405197242 0.02990388125181198 1
1607405197347 0.06545846164226532 1
1607405197478 0.028611062094569206 1
1607405197587 0.0500994548201561 1
1607405197698 0.06685906648635864 1
1607405197806 0.14616315066814423 1
1607405197912 0.16755448281764984 1
1607405198034 0.28968727588653564 1
1607405198143 0.05437907204031944 1
1607405198249 0.024989599362015724 1
1607405198357 0.18620839715003967 1
1607405198466 0.07328376173973083 1
1607405198603 0.047263845801353455 1
1607405198750 0.026506658643484116 1
1607405198882 0.035345230251550674 1
1607405198997 0.166111558675766 1
1607405199114 0.0050383093766868114 1
1607405199252 0.18026994168758392 1
1607405199409 0.07760091125965118 1
1607405199531 0.035909295082092285 1
1607405199678 0.07414331287145615 1
1607405199824 0.28353625535964966 1
1607405200057 0.0603848397731781 1
1607405200194 0.22116830945014954 1
1607405200327 0.10083460062742233 1
1607405200450 0.052084315568208694 1
1607405200567 0.0556153804063797 1
1607405200673 0.04943879693746567 1
1607405200799 0.042480695992708206 1
1607405200906 0.027960551902651787 1
1607405201045 0.08619997650384903 1
1607405201162 0.08752650022506714 1
1607405201331 0.0945969894528389 1
1607405201482 0.04176413267850876 1
1607405201586 0.04471485689282417 1
1607405201693 0.17005370557308197 1
1607405201806 0.028076859191060066 1
1607405201913 0.18957242369651794 1
1607405202018 0.21092797815799713 1
1607405202224 0.03605246543884277 1
1607405202456 0.028865622356534004 1
1607405202684 0.025616981089115143 1
1607405202918 0.10208619385957718 1
1607405203117 0.13129164278507233 1
1607405203228 0.23910726606845856 1
1607405203361 0.04038863629102707 1
1607405203577 0.05508697032928467 1
1607405203797 0.2204442322254181 1
1607405204020 0.1539946347475052 1
1607405204223 0.015194006264209747 1
1607405204396 0.09416782855987549 1
1607405204503 0.28590866923332214 1
1607405204612 0.20574718713760376 1
1607405204755 0.20896391570568085 1
1607405204967 0.027557633817195892 1
1607405205162 0.1691218465566635 1
1607405205278 0.03927045315504074 1
1607405205386 0.13755090534687042 1
1607405205492 0.1811162382364273 1
1607405205599 0.12166552990674973 1
1607405205860 0.09033609926700592 1
1607405206089 0.14710581302642822 1
1607405206278 0.21184279024600983 1
1607405206384 0.035525791347026825 1
1607405206496 0.12071717530488968 1
1607405206604 0.03285517543554306 1
1607405206711 0.04468078911304474 1
1607405206878 0.18655605614185333 1
1607405206983 0.04365832358598709 1
1607405207088 0.015196520835161209 1
1607405207279 0.1115671917796135 1
1607405207409 0.09444303810596466 1
1607405207562 0.026573630049824715 1
1607405207669 0.03867151960730553 1
1607405207780 0.06564078480005264 1
1607405207887 0.07353488355875015 1
1607405208088 0.07843616604804993 1
1607405208203 0.024851929396390915 1
1607405208319 0.030900590121746063 1
1607405208450 0.025578852742910385 1
1607405208677 0.10503721982240677 1
1607405208791 0.06551225483417511 1
1607405208911 0.2162865400314331 1
1607405209018 0.01719616912305355 1
1607405209139 0.004762341734021902 1
1607405209245 0.032952483743429184 1
1607405209365 0.0384010374546051 1
1607405209541 0.13900145888328552 1
1607405209700 0.00858977809548378 1
1607405209807 0.008883520029485226 1
1607405209920 0.022172750905156136 1
1607405210070 0.00561123713850975 1
1607405210181 0.00511074997484684 1
1607405210305 0.04254257678985596 1
1607405210424 0.0037949467077851295 1
1607405210529 0.005141407251358032 1
1607405210635 0.06010306254029274 1
1607405210748 0.00122477684635669 1
1607405210862 0.05925137177109718 1
1607405210968 0.03823399171233177 1
1607405211079 0.0236845500767231 1
1607405211209 0.010483907535672188 1
1607405211363 0.00045838404912501574 1
1607405211478 0.0007243159925565124 1
1607405211592 0.0037472834810614586 1
1607405211702 0.005108969286084175 1
1607405211812 0.13207393884658813 1
1607405211923 0.09969083219766617 1
1607405212035 0.04878802224993706 1
1607405212142 0.01838395558297634 1
1607405212265 0.002115804236382246 1
1607405212409 0.03842071816325188 1
1607405212530 0.21682894229888916 1
1607405212639 0.4815728962421417 1
1607405212751 0.026363393291831017 1
1607405212865 0.0020546650048345327 1
1607405213041 0.6106719374656677 1
1607405213127 0.07918744534254074 1
1607405213244 0.06086282432079315 2
1607405213351 0.08398280292749405 2
1607405213456 0.10542616993188858 2
1607405213563 0.08415442705154419 2
1607405213669 0.05388014018535614 2
1607405213773 0.08036771416664124 2
1607405213877 0.07084007561206818 2
1607405213982 0.3695785105228424 2
1607405214098 0.04101448878645897 2
1607405214208 0.08241062611341476 2
1607405214312 0.013575701974332333 2
1607405214418 0.0626986101269722 2
1607405214539 0.09608487039804459 2
1607405214645 0.13909706473350525 2
1607405214749 0.15983550250530243 2
1607405214854 0.10680167376995087 2
1607405214959 0.1871437132358551 2
1607405215065 0.1390400379896164 2
1607405215168 0.05106868967413902 2
1607405215271 0.09506922215223312 2
1607405215375 0.0764552652835846 2
1607405215478 0.2838592827320099 2
1607405215604 0.02599615603685379 2
1607405215714 0.05653098225593567 2
1607405215817 0.12331830710172653 2
1607405215922 0.12297184765338898 2
1607405216032 0.05977499857544899 2
1607405216138 0.10622640699148178 2
1607405216247 0.09797518700361252 2
1607405216351 0.03798781335353851 2
1607405216456 0.06975382566452026 2
1607405216561 0.09003913402557373 2
1607405216694 0.11705251783132553 2
1607405216796 0.03126935660839081 2
1607405216901 0.07362420111894608 2
1607405217006 0.025592375546693802 2
1607405217124 0.043026648461818695 2
1607405217229 0.20524512231349945 2
1607405217337 0.03740717098116875 2
1607405217443 0.04824187979102135 2
1607405217548 0.05603257939219475 2
1607405217654 0.09347620606422424 2
1607405217785 0.16190505027770996 2
1607405217889 0.05248003825545311 2
1607405218001 0.028156211599707603 2
1607405218108 0.10782571136951447 2
1607405218213 0.02390562929213047 2
1607405218317 0.039024289697408676 2
1607405218421 0.01715061441063881 2
1607405218529 0.015272178687155247 2
1607405218634 0.02604384906589985 2
1607405218738 0.11214926838874817 2
1607405218874 0.057617735117673874 2
1607405218979 0.01956137828528881 2
1607405219087 0.11849284172058105 2
1607405219193 0.10990650206804276 2
1607405219299 0.03518170863389969 2
1607405219404 0.12133488804101944 2
1607405219509 0.22036771476268768 2
1607405219613 0.05254027247428894 2
1607405219717 0.007726054172962904 2
1607405219822 0.015231219120323658 2
1607405219947 0.22486937046051025 2
1607405220059 0.0767880380153656 2
1607405220164 0.16879498958587646 2
1607405220271 0.059494782239198685 2
1607405220379 0.02619907632470131 2
1607405220484 0.02027106285095215 2
1607405220588 0.048399779945611954 2
1607405220694 0.20217104256153107 2
1607405220799 0.06754623353481293 2
1607405220903 0.07184301316738129 2
1607405221053 0.10530183464288712 2
1607405221166 0.017168695107102394 2
1607405221272 0.032503481954336166 2
1607405221378 0.009382822550833225 2
1607405221483 0.006145401392132044 2
1607405221590 0.15994994342327118 2
1607405221714 0.12703007459640503 2
1607405221838 0.04436923563480377 2
1607405221945 0.24981048703193665 2
1607405222066 0.038690660148859024 2
1607405222208 0.10922329127788544 2
1607405222312 0.24655656516551971 2
1607405222419 0.0530431903898716 2
1607405222522 0.03876286745071411 2
1607405222627 0.044293276965618134 2
1607405222732 0.026087425649166107 2
1607405222837 0.044592078775167465 2
1607405222941 0.21934503316879272 2
1607405223056 0.052736036479473114 2
1607405223162 0.15861959755420685 2
1607405223307 0.027144361287355423 2
1607405223414 0.03899934142827988 2
1607405223520 0.009446385316550732 2
1607405223626 0.35821500420570374 2
1607405223732 0.012638780288398266 2
1607405223839 0.05871647223830223 2
1607405223946 0.058941032737493515 2
1607405224057 0.059193938970565796 2
1607405224162 0.1987573653459549 2
1607405224268 0.08982173353433609 2
1607405224409 0.04644528403878212 2
1607405224514 0.03909500688314438 2
1607405224626 0.07393766939640045 2
1607405224734 0.028206318616867065 2
1607405224839 0.06300394237041473 2
1607405224951 0.17487145960330963 2
1607405225066 0.16711178421974182 2
1607405225171 0.1460624635219574 2
1607405225276 0.16866916418075562 2
1607405225382 0.048371702432632446 2
1607405225518 0.12290319800376892 2
1607405225624 0.12995027005672455 2
1607405225728 0.0406121127307415 2
1607405225833 0.011786100454628468 2
1607405225942 0.022818494588136673 2
1607405226051 0.043817032128572464 2
1607405226157 0.045409996062517166 2
1607405226261 0.01802581176161766 2
1607405226368 0.030162127688527107 2
1607405226474 0.04990357905626297 2
1607405226604 0.021103043109178543 2
1607405226711 0.03243167698383331 2
1607405226817 0.121941477060318 2
1607405226922 0.05067514628171921 2
1607405227031 0.17505459487438202 2
1607405227143 0.013272596523165703 2
1607405227249 0.24243241548538208 2
1607405227356 0.12086161971092224 2
1607405227461 0.01649400219321251 2
1607405227567 0.025994446128606796 2
1607405227703 0.11847424507141113 2
1607405227809 0.004651272669434547 2
1607405227914 0.012582794763147831 2
1607405228026 0.05810444429516792 2
1607405228138 0.2954558730125427 2
1607405228245 0.09543375670909882 2
1607405228354 0.290370374917984 2
1607405228462 0.033038098365068436 2
1607405228569 0.12896381318569183 2
1607405228673 0.01725795306265354 2
1607405228809 0.08325233310461044 2
1607405228916 0.03422093763947487 2
1607405229034 0.11704283952713013 2
1607405229143 0.03654143959283829 2
1607405229249 0.1264936625957489 2
1607405229353 0.11202184110879898 2
1607405229458 0.0779622346162796 2
1607405229562 0.029691243544220924 2
1607405229668 0.09107308089733124 2
1607405229773 0.00836146529763937 2
1607405229909 0.08544820547103882 2
1607405230021 0.0025158382486552 2
1607405230126 0.04762699082493782 2
1607405230235 0.033757105469703674 2
1607405230342 0.11362497508525848 2
1607405230448 0.1356760412454605 2
1607405230554 0.018846284598112106 2
1607405230658 0.12556631863117218 2
1607405230765 0.13076774775981903 2
1607405230872 0.02159971185028553 2
1607405231004 0.008399685844779015 2
1607405231115 0.013400635682046413 2
1607405231220 0.0027338392101228237 2
1607405231324 0.01511739194393158 2
1607405231430 0.00945076160132885 2
1607405231535 0.052269287407398224 2
1607405231641 0.17277152836322784 2
1607405231746 0.020109672099351883 2
1607405231851 0.009189816191792488 2
1607405231959 0.4871978461742401 2
1607405232113 0.07003973424434662 2
1607405232219 0.04473581537604332 2
1607405232326 0.005372397135943174 2
1607405232432 0.14988169074058533 2
1607405232536 0.02577277459204197 2
1607405232642 0.026959430426359177 2
1607405232748 0.01817023754119873 2
1607405232852 0.042127277702093124 2
1607405232957 0.18124404549598694 2
1607405233068 0.09125836938619614 2
1607405233210 0.036337170749902725 2
1607405233315 0.15160928666591644 2
1607405233421 0.034933239221572876 2
1607405233529 0.07680395990610123 2
1607405233639 0.06761332601308823 2
1607405233745 0.019867628812789917 2
1607405233852 0.06859145313501358 2
1607405233959 0.01299508661031723 2
1607405234075 0.09257534891366959 2
1607405234181 0.057590268552303314 2
1607405234322 0.043870653957128525 2
1607405234429 0.057959530502557755 2
1607405234540 0.03782691806554794 2
1607405234647 0.037520259618759155 2
1607405234765 0.16100414097309113 2
1607405234872 0.050664037466049194 2
1607405234980 0.03804106265306473 2
1607405235088 0.009209271520376205 2
1607405235194 0.02186622843146324 2
1607405235302 0.0979357436299324 2
1607405235439 0.06774517148733139 2
1607405235544 0.2178255319595337 2
1607405235650 0.07447084039449692 2
1607405235763 0.23347501456737518 2
1607405235872 0.1039566621184349 2
1607405235980 0.07296589761972427 2
1607405236086 0.018885381519794464 2
1607405236198 0.11527339369058609 2
1607405236309 0.10000822693109512 2
1607405236414 0.1380358636379242 2
1607405236547 0.015983903780579567 2
1607405236653 0.21981696784496307 2
1607405236758 0.13692925870418549 2
1607405236870 0.007352932821959257 2
1607405236984 0.08095012605190277 2
1607405237092 0.1089998334646225 2
1607405237200 0.1685369908809662 2
1607405237305 0.05026664957404137 2
1607405237410 0.022482847794890404 2
1607405237516 0.023154500871896744 2
1607405237653 0.04488382488489151 2
1607405237759 0.06968212872743607 2
1607405237865 0.163915753364563 2
1607405237969 0.01233675517141819 2
1607405238078 0.02993645891547203 2
1607405238184 0.22315509617328644 2
1607405238290 0.1268167793750763 2
1607405238398 0.021324556320905685 2
1607405238502 0.13276198506355286 2
1607405238612 0.04546474292874336 2
1607405238750 0.02710079774260521 2
1607405238856 0.07333400845527649 2
1607405238962 0.005629817023873329 2
1607405239130 0.014659467153251171 2
1607405239241 0.26282748579978943 2
1607405239346 0.008425367996096611 2
1607405239452 0.06378089636564255 2
1607405239561 0.057758182287216187 2
1607405239666 0.09616326540708542 2
1607405239785 0.14097411930561066 2
1607405239921 0.03235524892807007 2
1607405240035 0.04114159569144249 2
1607405240151 0.044041890650987625 2
1607405240254 0.01119606290012598 2
1607405240361 0.14693908393383026 2
1607405240466 0.0711083859205246 2
1607405240572 0.020210374146699905 2
1607405240677 0.2096448689699173 2
1607405240781 0.024772418662905693 2
1607405240889 0.020763926208019257 2
1607405241031 0.14686746895313263 2
1607405241138 0.1303049921989441 2
1607405241243 0.06546405702829361 2
1607405241347 0.12247496843338013 2
1607405241452 0.02097463235259056 2
1607405241557 0.022005008533596992 2
1607405241663 0.048527203500270844 2
1607405241770 0.01595270074903965 2
1607405241880 0.14728392660617828 2
1607405241988 0.09518159925937653 2
1607405242134 0.03436754643917084 2
1607405242241 0.013405521400272846 2
1607405242346 0.054299741983413696 2
1607405242450 0.16911648213863373 2
1607405242556 0.09771007299423218 2
1607405242661 0.08337278664112091 2
1607405242767 0.04392871633172035 2
1607405242873 0.05033588036894798 2
1607405242979 0.009872070513665676 2
1607405243095 0.058787960559129715 2
1607405243234 0.013280737213790417 2
1607405243339 0.03091864474117756 2
1607405243443 0.13169309496879578 2
1607405243548 0.04922303929924965 2
1607405243653 0.05614669620990753 2
1607405243758 0.20024323463439941 2
1607405243863 0.05451041832566261 2
1607405243970 0.05923229455947876 2
1607405244082 0.12135468423366547 2
1607405244189 0.09788002073764801 2
1607405244327 0.012240399606525898 2
1607405244432 0.13375818729400635 2
1607405244539 0.026249345391988754 2
1607405244645 0.04850935935974121 2
1607405244751 0.06585834175348282 2
1607405244857 0.05223318934440613 2
1607405244963 0.04766672104597092 2
1607405245072 0.021557947620749474 2
1607405245178 0.1394813060760498 2
1607405245283 0.09166067093610764 2
1607405245418 0.06717678904533386 2
1607405245524 0.0028122456278651953 2
1607405245630 0.058835551142692566 2
1607405245737 0.004794689826667309 2
1607405245843 0.050798576325178146 2
1607405245950 0.014016478322446346 2
1607405246062 0.2021941989660263 2
1607405246173 0.01548308040946722 2
1607405246279 0.023387029767036438 2
1607405246384 0.04834121838212013 2
1607405246525 0.10965512692928314 2
1607405246631 0.014026517979800701 2
1607405246741 0.10229180008172989 2
1607405246847 0.03954112157225609 2
1607405246953 0.06312922388315201 2
1607405247057 0.06272915005683899 2
1607405247164 0.0062813106924295425 2
1607405247268 0.03927074372768402 2
1607405247373 0.06015392392873764 2
1607405247478 0.14337459206581116 2
1607405247614 0.01802128553390503 2
1607405247718 0.04679829254746437 2
1607405247822 0.020389964804053307 2
1607405247928 0.09009824693202972 2
1607405248034 0.03308626636862755 2
1607405248139 0.19660992920398712 2
1607405248257 0.012617688626050949 2
1607405248362 0.013197586871683598 2
1607405248467 0.034744758158922195 2
1607405248572 0.078912153840065 2
1607405248704 0.06803727149963379 2
1607405248808 0.1613154411315918 2
1607405248927 0.13902035355567932 2
1607405249034 0.07249685376882553 2
1607405249140 0.04948398098349571 2
1607405249245 0.09725869446992874 2
1607405249353 0.022170158103108406 2
1607405249458 0.029490837827324867 2
1607405249564 0.11383265256881714 2
1607405249669 0.04033912345767021 2
1607405249809 0.051819972693920135 2
1607405249913 0.09957028925418854 2
1607405250018 0.038251329213380814 2
1607405250124 0.033667247742414474 2
1607405250229 0.009237410500645638 2
1607405250336 0.1537349671125412 2
1607405250442 0.047038279473781586 2
1607405250547 0.014919595792889595 2
1607405250653 0.04174058511853218 2
1607405250758 0.03217576444149017 2
1607405250900 0.14476987719535828 2
1607405251004 0.04690146446228027 2
1607405251109 0.025751490145921707 2
1607405251217 0.036334410309791565 2
1607405251323 0.09222021698951721 2
1607405251427 0.09388922154903412 2
1607405251532 0.036643315106630325 2
1607405251637 0.007081169635057449 2
1607405251761 0.008009091950953007 2
1607405251869 0.07903703302145004 2
1607405252009 0.1117546483874321 2
1607405252119 0.17896640300750732 2
1607405252229 0.07309630513191223 2
1607405252334 0.16104656457901 2
1607405252440 0.02150593511760235 2
1607405252545 0.01920483633875847 2
1607405252649 0.0014463714323937893 2
1607405252765 0.010115789249539375 2
1607405252902 0.11686570197343826 2
1607405253024 0.02059876173734665 2
1607405253186 0.01866856776177883 2
1607405253297 0.005620282143354416 2
1607405253408 0.0121770603582263 2
1607405253518 0.07387509196996689 2
1607405253630 0.015332935377955437 2
1607405253737 0.004666291642934084 2
1607405253844 0.11037633568048477 2
1607405253961 0.041240010410547256 2
1607405254075 0.11460299044847488 2
1607405254251 0.0069633061066269875 2
1607405254379 0.1758991777896881 2
1607405254495 0.1321890652179718 2
1607405254612 0.08770208060741425 2
1607405254741 0.06079455092549324 2
1607405254873 0.0886530801653862 2
1607405254988 0.031522657722234726 2
1607405255105 0.10841360688209534 2
1607405255223 0.04777329042553902 2
1607405255379 0.01785994879901409 2
1607405255574 0.01652316190302372 2
1607405255698 0.027920151129364967 2
1607405255825 0.043297700583934784 2
1607405255937 0.113057442009449 2
1607405256044 0.12237189710140228 2
1607405256153 0.04537275433540344 2
1607405256262 0.12203875184059143 2
1607405256369 0.09289577603340149 2
1607405256476 0.031132038682699203 2
1607405256584 0.0041523706167936325 2
1607405256747 0.027455780655145645 2
1607405256873 0.016386734321713448 2
1607405256986 0.05185666307806969 2
1607405257091 0.05072437599301338 2
1607405257200 0.010025755502283573 2
1607405257310 0.004763077478855848 2
1607405257416 0.009371038526296616 2
1607405257523 0.10989680141210556 2
1607405257630 0.18904347717761993 2
1607405257744 0.06994962692260742 2
1607405257893 0.13866767287254333 2
1607405258054 0.025193560868501663 2
1607405258180 0.07861117273569107 2
1607405258294 0.01803428679704666 2
1607405258416 0.034584157168865204 2
1607405258535 0.08076974004507065 2
1607405258646 0.012327510863542557 2
1607405258764 0.014014070853590965 2
1607405258877 0.010655932128429413 2
1607405258986 0.030519766733050346 2
1607405259143 0.03345704823732376 2
1607405259257 0.21809543669223785 2
1607405259369 0.1502758264541626 2
1607405259474 0.03332139179110527 2
1607405259582 0.328736811876297 2
1607405259691 0.2376922369003296 2
1607405259799 0.14369644224643707 2
1607405259911 0.03767871856689453 2
1607405260016 0.12956984341144562 2
1607405260122 0.15155045688152313 2
1607405260262 0.010916388593614101 2
1607405260405 0.010546252131462097 2
1607405260514 0.11738813668489456 2
1607405260620 0.10352954268455505 2
1607405260725 0.1786355823278427 2
1607405260830 0.02210715413093567 2
1607405260943 0.011110891588032246 2
1607405261049 0.01870257593691349 2
1607405261154 0.050399865955114365 2
1607405261259 0.14333456754684448 2
1607405261366 0.0857774019241333 2
1607405261504 0.07885432243347168 2
1607405261609 0.07502647489309311 2
1607405261715 0.017520630732178688 2
1607405261821 0.034835703670978546 2
1607405261926 0.03611142188310623 2
1607405262031 0.060520272701978683 2
1607405262146 0.016128811985254288 2
1607405262251 0.05195976421236992 2
1607405262361 0.11816452443599701 2
1607405262468 0.010514841414988041 2
1607405262601 0.011401836760342121 2
1607405262707 0.07830165326595306 2
1607405262822 0.0735081285238266 2
1607405262939 0.021418197080492973 2
1607405263046 0.2066875547170639 2
1607405263162 0.16223609447479248 2
1607405263281 0.0715719610452652 2
1607405263395 0.11912883073091507 2
1607405263506 0.07358346879482269 2
1607405263623 0.01998181827366352 2
1607405263793 0.047397181391716 2
1607405263909 0.10333845019340515 2
1607405264016 0.015779057517647743 2
1607405264121 0.04869229719042778 2
1607405264225 0.10102683305740356 2
1607405264330 0.05644993111491203 2
1607405264437 0.021699396893382072 2
1607405264544 0.22530554234981537 2
1607405264648 0.03492850065231323 2
1607405264772 0.014575481414794922 2
1607405264911 0.02795194275677204 2
1607405265016 0.06312742084264755 2
1607405265120 0.16540192067623138 2
1607405265249 0.010518542490899563 2
1607405265355 0.020735640078783035 2
1607405265460 0.016825418919324875 2
1607405265566 0.04109399765729904 2
1607405265671 0.0466325581073761 2
1607405265777 0.07089798897504807 2
1607405265886 0.012268523685634136 2
1607405266024 0.014649746008217335 2
1607405266129 0.017594389617443085 2
1607405266245 0.004536711145192385 2
1607405266351 0.011515595950186253 2
1607405266457 0.026783214882016182 2
1607405266562 0.046673499047756195 2
1607405266670 0.14387087523937225 2
1607405266776 0.009137250483036041 2
1607405266882 0.05777338519692421 2
1607405267000 0.10742975771427155 2
1607405267134 0.020654449239373207 2
1607405267238 0.005621918477118015 2
1607405267343 0.02328180894255638 2
1607405267449 0.08659597486257553 2
1607405267557 0.1150195524096489 2
1607405267663 0.06142489239573479 2
1607405267768 0.09878072887659073 2
1607405267888 0.06593167781829834 2
1607405268009 0.11029265820980072 2
1607405268123 0.03371381387114525 2
1607405268303 0.020454125478863716 2
1607405268419 0.10223562270402908 2
1607405268528 0.05850639566779137 2
1607405268637 0.20818299055099487 2
1607405268753 0.07920656353235245 2
1607405268867 0.10137654840946198 2
1607405268988 0.019360119476914406 2
1607405269100 0.1565282642841339 2
1607405269209 0.08116155862808228 2
1607405269368 0.09557811170816422 2
1607405269505 0.06689155846834183 2
1607405269614 0.028574712574481964 2
1607405269721 0.12662272155284882 2
1607405269827 0.18709246814250946 2
1607405269937 0.08825478702783585 2
1607405270044 0.09585490822792053 2
1607405270149 0.06677865236997604 2
1607405270264 0.003333883360028267 2
1607405270371 0.05821763724088669 2
1607405270496 0.0580517053604126 2
1607405270636 0.16031964123249054 2
1607405270741 0.1005466878414154 2
1607405270853 0.03216556832194328 2
1607405270960 0.04210260882973671 2
1607405271066 0.06355327367782593 2
1607405271172 0.022967319935560226 2
1607405271277 0.02007402293384075 2
1607405271385 0.07800506800413132 2
1607405271491 0.1927901655435562 2
1607405271597 0.08353359997272491 2
1607405271744 0.09031256288290024 2
1607405271849 0.04000627249479294 2
1607405271955 0.07492168247699738 2
1607405272061 0.006526176352053881 2
1607405272179 0.023806456476449966 2
1607405272289 0.11769775301218033 2
1607405272397 0.03757376968860626 2
1607405272503 0.005315839778631926 2
1607405272612 0.059498075395822525 2
1607405272721 0.013709994032979012 2
1607405272879 0.08635305613279343 2
1607405273012 0.021785924211144447 2
1607405273122 0.008098136633634567 2
1607405273241 0.015085196122527122 2
1607405273365 0.035131990909576416 2
1607405273497 0.1760958433151245 2
1607405273612 0.023748939856886864 2
1607405273720 0.029973968863487244 2
1607405273827 0.024708323180675507 2
1607405273995 0.22150690853595734 2
1607405274110 0.13872836530208588 2
1607405274218 0.07148122787475586 2
1607405274324 0.18623638153076172 2
1607405274430 0.11602431535720825 2
1607405274537 0.03580423817038536 2
1607405274643 0.1126018688082695 2
1607405274760 0.03731071576476097 2
1607405274867 0.08387435972690582 2
1607405274974 0.15335501730442047 2
1607405275089 0.12230933457612991 2
1607405275228 0.039265479892492294 2
1607405275334 0.05850592255592346 2
1607405275443 0.2803410291671753 2
1607405275559 0.021495163440704346 2
1607405275666 0.2802009582519531 2
1607405275771 0.04467012733221054 2
1607405275878 0.07157392799854279 2
1607405275984 0.008253664709627628 2
1607405276090 0.18423953652381897 2
1607405276222 0.052049387246370316 2
1607405276366 0.030364608392119408 2
1607405276472 0.1526680290699005 2
1607405276579 0.10880284756422043 2
1607405276687 0.041494160890579224 2
1607405276792 0.03805544227361679 2
1607405276897 0.01944940909743309 2
1607405277013 0.027214784175157547 2
1607405277118 0.21528254449367523 2
1607405277223 0.01542093325406313 2
1607405277331 0.04424078390002251 2
1607405277471 0.0674673393368721 2
1607405277576 0.03976535052061081 2
1607405277686 0.02474113367497921 2
1607405277791 0.165690079331398 2
1607405277897 0.04172462970018387 2
1607405278002 0.02815883234143257 2
1607405278112 0.19213171303272247 2
1607405278219 0.16191092133522034 2
1607405278329 0.04744168743491173 2
1607405278439 0.04090041667222977 2
1607405278599 0.16069769859313965 2
1607405278725 0.031507473438978195 2
1607405278837 0.1749076545238495 2
1607405278950 0.052988044917583466 2
1607405279071 0.035922691226005554 2
1607405279179 0.02920527569949627 2
1607405279285 0.049086105078458786 2
1607405279397 0.13586170971393585 2
1607405279503 0.05583418160676956 2
1607405279644 0.1108769029378891 2
1607405279766 0.0611782930791378 2
1607405279872 0.022911930456757545 2
1607405279981 0.14818888902664185 2
1607405280093 0.04845389351248741 2
1607405280211 0.020489118993282318 2
1607405280337 0.08452983945608139 2
1607405280454 0.008830808103084564 2
1607405280563 0.3760237991809845 2
1607405280672 0.08083391189575195 2
1607405280804 0.06370774656534195 2
1607405280939 0.07163643091917038 2
1607405281049 0.0499580092728138 2
1607405281161 0.062191639095544815 2
1607405281270 0.02182006649672985 2
1607405281377 0.004946586675941944 2
1607405281484 0.010984481312334538 2
1607405281591 0.04150434955954552 2
1607405281708 0.041098568588495255 2
1607405281828 0.009286395274102688 2
1607405281944 0.08246354758739471 2
1607405282100 0.1961524486541748 2
1607405282210 0.033618271350860596 2
1607405282320 0.12752816081047058 2
1607405282430 0.1350792944431305 2
1607405282536 0.06323812901973724 2
1607405282643 0.03787429258227348 2
1607405282755 0.02695518732070923 2
1607405282868 0.07594245672225952 2
1607405282980 0.018450193107128143 2
1607405283117 0.06458587944507599 2
1607405283262 0.10926572233438492 2
1607405283370 0.011468341574072838 2
1607405283476 0.12530680000782013 2
1607405283583 0.037661269307136536 2
1607405283693 0.012489283457398415 2
1607405283800 0.23430384695529938 2
1607405283911 0.0065515791065990925 2
1607405284028 0.04777338355779648 2
1607405284138 0.03168956935405731 2
1607405284266 0.04379282519221306 2
1607405284399 0.016503602266311646 2
1607405284507 0.03400019183754921 2
1607405284614 0.0164042878895998 2
1607405284724 0.047321632504463196 2
1607405284834 0.08785465359687805 2
1607405284946 0.011325987987220287 2
1607405285061 0.07253153622150421 2
1607405285170 0.07249490916728973 2
1607405285276 0.03795504942536354 2
1607405285387 0.0832933709025383 2
1607405285534 0.014010617509484291 2
1607405285641 0.009941012598574162 2
1607405285749 0.09619710594415665 2
1607405285857 0.12371759861707687 2
1607405285969 0.09135568141937256 2
1607405286112 0.07194028794765472 2
1607405286227 0.06968075037002563 2
1607405286334 0.17058062553405762 2
1607405286441 0.03697599843144417 2
1607405286566 0.11947891861200333 2
1607405286697 0.02115580067038536 2
1607405286801 0.03190943971276283 2
1607405286909 0.1389516144990921 2
1607405287020 0.025941645726561546 2
1607405287128 0.1799992173910141 2
1607405287235 0.025336703285574913 2
1607405287341 0.10999680310487747 2
1607405287450 0.0727844312787056 2
1607405287556 0.043046481907367706 2
1607405287662 0.1399034559726715 2
1607405287824 0.09832122176885605 2
1607405287931 0.08826948702335358 2
1607405288038 0.09588860720396042 2
1607405288144 0.15668885409832 2
1607405288250 0.08417972922325134 2
1607405288355 0.07645654678344727 2
1607405288462 0.021694770082831383 2
1607405288567 0.18382738530635834 2
1607405288673 0.01543148048222065 2
1607405288778 0.04590519890189171 2
1607405288913 0.10905703902244568 2
1607405289018 0.05407818779349327 2
1607405289123 0.024081848561763763 2
1607405289249 0.07508523017168045 2
1607405289358 0.004961004480719566 2
1607405289466 0.01566258631646633 2
1607405289572 0.18034566938877106 2
1607405289678 0.035067711025476456 2
1607405289798 0.037183113396167755 2
1607405289907 0.014180070720613003 2
1607405290045 0.05916323885321617 2
1607405290152 0.0781949982047081 2
1607405290260 0.09272975474596024 2
1607405290366 0.0846240296959877 2
1607405290472 0.018686853349208832 2
1607405290579 0.07835417985916138 2
1607405290688 0.09777390211820602 2
1607405290803 0.004955679643899202 2
1607405290909 0.015880899503827095 2
1607405291016 0.0650218278169632 2
1607405291155 0.010099228471517563 2
1607405291260 0.05633998289704323 2
1607405291367 0.07851766794919968 2
1607405291473 0.008166144602000713 2
1607405291578 0.012287821620702744 2
1607405291684 0.004484060686081648 2
1607405291793 0.0045735822059214115 2
1607405291906 0.05123617872595787 2
1607405292014 0.2765401005744934 2
1607405292119 0.048798900097608566 2
1607405292263 0.026269780471920967 2
1607405292368 0.03509792685508728 2
1607405292474 0.041128333657979965 2
1607405292579 0.16701918840408325 2
1607405292685 0.042811326682567596 2
1607405292790 0.0533113107085228 2
1607405292912 0.11909876763820648 2
1607405293017 0.0516820028424263 2
1607405293123 0.04821233078837395 2
1607405293228 0.040512990206480026 2
1607405293373 0.15808232128620148 2
1607405293478 0.034565966576337814 2
1607405293583 0.027380645275115967 2
1607405293691 0.05571526661515236 2
1607405293798 0.10408530384302139 2
1607405293910 0.07412496209144592 2
1607405294016 0.03624873235821724 2
1607405294123 0.06152227893471718 2
1607405294229 0.18150410056114197 2
1607405294335 0.010559257119894028 2
1607405294473 0.13863834738731384 2
1607405294580 0.08095869421958923 2
1607405294688 0.022165197879076004 2
1607405294800 0.12712638080120087 2
1607405294906 0.010949582792818546 2
1607405295011 0.01403113454580307 2
1607405295116 0.054909609258174896 2
1607405295223 0.03238651528954506 2
1607405295329 0.16839750111103058 2
1607405295434 0.008745555765926838 2
1607405295580 0.010675637982785702 2
1607405295687 0.02828117273747921 2
1607405295800 0.1322992444038391 2
1607405295908 0.06461729854345322 2
1607405296013 0.04744113236665726 2
1607405296123 0.13829264044761658 2
1607405296233 0.19885699450969696 2
1607405296341 0.059006012976169586 2
1607405296448 0.06135903671383858 2
1607405296555 0.07292880117893219 2
1607405296706 0.011043737642467022 2
1607405296813 0.29768216609954834 2
1607405296926 0.025772593915462494 2
1607405297039 0.08936455845832825 2
1607405297145 0.13971452414989471 2
1607405297255 0.026019316166639328 2
1607405297365 0.04489200934767723 2
1607405297482 0.08837500959634781 2
1607405297589 0.025606505572795868 2
1607405297711 0.026410100981593132 2
1607405297878 0.012029682286083698 2
1607405297998 0.007776170503348112 2
1607405298106 0.1380724012851715 2
1607405298217 0.07093799859285355 2
1607405298327 0.03781333193182945 2
1607405298436 0.026599951088428497 2
1607405298546 0.005994169972836971 2
1607405298656 0.04521440714597702 2
1607405298762 0.03228113800287247 2
1607405298884 0.005999142769724131 2
1607405299007 0.0075539699755609035 2
1607405299127 0.0028865598142147064 2
1607405299232 0.04477226734161377 2
1607405299337 0.20235177874565125 2
1607405299443 0.12470824271440506 2
1607405299548 0.10270488262176514 2
1607405299654 0.2407415211200714 2
1607405299760 0.03716588392853737 2
1607405299866 0.007645167410373688 2
1607405299973 0.012349285185337067 2
1607405300112 0.015036141499876976 2
1607405300218 0.1973530352115631 2
1607405300327 0.19931046664714813 2
1607405300434 0.02217017114162445 2
1607405300540 0.024214312434196472 2
1607405300647 0.05704957991838455 2
1607405300753 0.006808351259678602 2
1607405300860 0.26630592346191406 2
1607405300967 0.04014688730239868 2
1607405301078 0.02229561284184456 2
1607405301226 0.03294586390256882 2
1607405301332 0.011833127588033676 2
1607405301438 0.1374388486146927 2
1607405301542 0.011744323186576366 2
1607405301648 0.08922616392374039 2
1607405301756 0.2032061517238617 2
1607405301867 0.015683889389038086 2
1607405301983 0.052427299320697784 2
1607405302092 0.0953533723950386 2
1607405302202 0.03157855570316315 2
1607405302341 0.02831743285059929 2
1607405302447 0.04506351798772812 2
1607405302554 0.1375492364168167 2
1607405302658 0.07094604521989822 2
1607405302770 0.07016623765230179 2
1607405302877 0.0012401877902448177 2
1607405302984 0.004402459599077702 2
1607405303091 0.08345778286457062 2
1607405303198 0.12546639144420624 2
1607405303303 0.05069083720445633 2
1607405303439 0.062245067209005356 2
1607405303545 0.053662996739149094 2
1607405303651 0.04790230467915535 2
1607405303757 0.07085690647363663 2
1607405303862 0.0339641347527504 2
1607405303968 0.031785640865564346 2
1607405304072 0.13341829180717468 2
1607405304185 0.0049725305289030075 2
1607405304292 0.019595256075263023 2
1607405304397 0.13293428719043732 2
1607405304538 0.03726798668503761 2
1607405304643 0.02520027384161949 2
1607405304749 0.19349266588687897 2
1607405304854 0.04732973128557205 2
1607405304964 0.02446664310991764 2
1607405305073 0.04618366062641144 2
1607405305181 0.019749728962779045 2
1607405305289 0.0067770094610750675 2
1607405305395 0.0061769867315888405 2
1607405305505 0.1817064881324768 2
1607405305663 0.019605586305260658 2
1607405305784 0.12549324333667755 2
1607405305889 0.047258611768484116 2
1607405305994 0.2009885162115097 2
1607405306100 0.09981334954500198 2
1607405306205 0.2713494896888733 2
1607405306310 0.03987470641732216 2
1607405306416 0.07261819392442703 2
1607405306523 0.13186660408973694 2
1607405306645 0.10009574145078659 2
1607405306789 0.005549797788262367 2
1607405306895 0.006568808574229479 2
1607405307000 0.05395759642124176 2
1607405307106 0.0236869677901268 2
1607405307214 0.02937197871506214 2
1607405307319 0.005755913443863392 2
1607405307424 0.10963951051235199 2
1607405307531 0.040524765849113464 2
1607405307642 0.18860167264938354 2
1607405307760 0.0987870991230011 2
1607405307906 0.04147141054272652 2
1607405308023 0.01956857554614544 2
1607405308142 0.07648560404777527 2
1607405308249 0.06398370862007141 2
1607405308356 0.013617978431284428 2
1607405308462 0.11362409591674805 2
1607405308570 0.047700732946395874 2
1607405308676 0.020722726359963417 2
1607405308789 0.0628962516784668 2
1607405308905 0.11346366256475449 2
1607405309056 0.06845086067914963 2
1607405309170 0.011987551115453243 2
1607405309284 0.021426238119602203 2
1607405309391 0.11461881548166275 2
1607405309497 0.042057521641254425 2
1607405309602 0.09063948690891266 2
1607405309708 0.1140485405921936 2
1607405309814 0.01201373990625143 2
1607405309920 0.021328069269657135 2
1607405310031 0.0013547205599024892 2
1607405310190 0.007658770773559809 2
1607405310298 0.0275882538408041 2
1607405310405 0.06811358034610748 2
1607405310513 0.028472797945141792 2
1607405310619 0.0046906257048249245 2
1607405310737 0.16968299448490143 2
1607405310875 0.0997219979763031 2
1607405310985 0.015618067234754562 2
1607405311102 0.08759178221225739 2
1607405311262 0.08353684842586517 2
1607405311388 0.05133257806301117 2
1607405311496 0.11293641477823257 2
1607405311611 0.0069819665513932705 2
1607405311768 0.06845584511756897 2
1607405311890 0.008937203325331211 2
1607405312000 0.0881289392709732 2
1607405312111 0.025734957307577133 2
1607405312219 0.024476880207657814 2
1607405312325 0.027977121993899345 2
1607405312479 0.07793957740068436 2
1607405312590 0.03248017653822899 2
1607405312696 0.06068837642669678 2
1607405312804 0.19210289418697357 2
1607405312910 0.012645158916711807 2
1607405313015 0.0024609724059700966 2
1607405313130 0.07498285919427872 2
1607405313240 0.17403991520404816 2
1607405313346 0.01589934155344963 2
1607405313453 0.07199106365442276 2
1607405313564 0.06253975629806519 2
1607405313714 0.0021423452999442816 2
1607405313820 0.004815380088984966 2
1607405313927 0.11066009104251862 2
1607405314040 0.061463307589292526 2
1607405314146 0.04996539279818535 2
1607405314252 0.01794358901679516 2
1607405314358 0.08724465221166611 2
1607405314464 0.004002219531685114 2
1607405314569 0.0528116375207901 2
1607405314675 0.0365743562579155 2
1607405314832 0.1941063553094864 2
1607405314952 0.012754756957292557 2
1607405315073 0.007129937410354614 2
1607405315188 0.030081067234277725 2
1607405315295 0.006068529561161995 2
1607405315404 0.062172144651412964 2
1607405315510 0.0021151851397007704 2
1607405315618 0.004795767366886139 2
1607405315731 0.029461119323968887 2
1607405315855 0.03551419451832771 2
1607405316005 0.028966397047042847 2
1607405316111 0.04880516976118088 2
1607405316219 0.0018065107287839055 2
1607405316326 0.003436670871451497 2
1607405316434 0.009817910380661488 2
1607405316539 0.0007277021650224924 2
1607405316646 0.01062521617859602 2
1607405316752 0.04829178750514984 2
1607405316860 0.011519751511514187 2
1607405316969 0.0001595140201970935 2
1607405317127 0.0013490283163264394 2
1607405317236 0.0004980700323358178 2
1607405317343 0.00146525411400944 2
1607405317449 0.006023001857101917 2
1607405317555 0.09508423507213593 2
1607405317662 0.03614158555865288 2
1607405317769 0.058941710740327835 2
1607405317876 0.0029551228508353233 2
1607405317988 0.002945713698863983 2
1607405318101 0.006305081769824028 2
1607405318257 0.21802616119384766 2
1607405318367 0.3516041934490204 2
1607405318473 0.015408811159431934 2
1607405318581 0.0005574385286308825 2
1607405318689 0.2552850842475891 2
1607405318756 0.0033519186545163393 2
