1608594011816 2.3054006099700928 1
1608594011993 2.377336025238037 1
1608594012143 2.432109832763672 1
1608594012283 2.160216808319092 1
1608594012406 1.8238850831985474 1
1608594012534 1.8504832983016968 1
1608594012642 1.7076609134674072 1
1608594012751 1.515904188156128 1
1608594012870 1.2966653108596802 1
1608594013007 1.6884665489196777 1
1608594013122 1.3597761392593384 1
1608594013232 1.2546613216400146 1
1608594013334 1.177436113357544 1
1608594013452 1.2450244426727295 1
1608594013588 1.049556851387024 1
1608594013694 0.8993903994560242 1
1608594013816 1.0995210409164429 1
1608594013969 1.0496189594268799 1
1608594014176 0.7653358578681946 1
1608594014359 0.8831831812858582 1
1608594014473 0.8428845405578613 1
1608594014628 0.9918550252914429 1
1608594014742 0.8523795008659363 1
1608594014860 0.5529791712760925 1
1608594014988 0.5577016472816467 1
1608594015128 0.3528273105621338 1
1608594015309 0.31260499358177185 1
1608594015439 0.3868005573749542 1
1608594015554 0.5806180834770203 1
1608594015656 0.636213481426239 1
1608594015771 0.5870473980903625 1
1608594015941 0.45032694935798645 1
1608594016072 0.4257398247718811 1
1608594016238 0.28448811173439026 1
1608594016386 0.3118765950202942 1
1608594016490 0.3383429944515228 1
1608594016601 0.49310171604156494 1
1608594016704 0.5996603965759277 1
1608594016805 0.45904219150543213 1
1608594016914 0.19111871719360352 1
1608594017016 0.3686783015727997 1
1608594017118 0.5808104872703552 1
1608594017227 0.5933241248130798 1
1608594017331 0.3409908711910248 1
1608594017432 0.23888204991817474 1
1608594017563 0.3415476977825165 1
1608594017672 0.3061037063598633 1
1608594017775 0.6044713258743286 1
1608594017904 0.38797080516815186 1
1608594018084 0.29481688141822815 1
1608594018270 0.4681107699871063 1
1608594018493 0.3322713375091553 1
1608594018639 0.32807379961013794 1
1608594018801 0.43983957171440125 1
1608594019001 0.31089457869529724 1
1608594019208 0.3506675362586975 1
1608594019357 0.17124836146831512 1
1608594019467 0.3248654305934906 1
1608594019613 0.4926817715167999 1
1608594019742 0.2874089181423187 1
1608594019903 0.2643347382545471 1
1608594020057 0.1273510903120041 1
1608594020221 0.3448675870895386 1
1608594020370 0.29484471678733826 1
1608594020501 0.37717026472091675 1
1608594020696 0.3006758391857147 1
1608594020859 0.22256825864315033 1
1608594021027 0.29503005743026733 1
1608594021190 0.3108235001564026 1
1608594021301 0.29323261976242065 1
1608594021407 0.2882640063762665 1
1608594021512 0.24286490678787231 1
1608594021629 0.2802867293357849 1
1608594021729 0.2617369592189789 1
1608594021835 0.465386301279068 1
1608594021938 0.3240519165992737 1
1608594022037 0.2132495790719986 1
1608594022167 0.45180195569992065 1
1608594022300 0.20741628110408783 1
1608594022402 0.21513450145721436 1
1608594022509 0.5798781514167786 1
1608594022674 0.3280036151409149 1
1608594022841 0.28208649158477783 1
1608594022980 0.25454607605934143 1
1608594023097 0.13084512948989868 1
1608594023209 0.17776727676391602 1
1608594023311 0.44209522008895874 1
1608594023417 0.23142893612384796 1
1608594023523 0.23886774480342865 1
1608594023626 0.40883108973503113 1
1608594023730 0.22597134113311768 1
1608594023832 0.24028800427913666 1
1608594023936 0.2690432667732239 1
1608594024038 0.21441033482551575 1
1608594024138 0.15317414700984955 1
1608594024255 0.2014874964952469 1
1608594024356 0.11635644733905792 1
1608594024460 0.2788224518299103 1
1608594024566 0.25795555114746094 1
1608594024671 0.2841470539569855 1
1608594024795 0.23543530702590942 1
1608594024930 0.42265745997428894 1
1608594025077 0.16193515062332153 1
1608594025267 0.1372496336698532 1
1608594025411 0.2624244689941406 1
1608594025536 0.18933025002479553 1
1608594025648 0.28952887654304504 1
1608594025754 0.40687060356140137 1
1608594025868 0.33186203241348267 1
1608594025970 0.3910849988460541 1
1608594026080 0.33419331908226013 1
1608594026237 0.28792768716812134 1
1608594026363 0.3150280714035034 1
1608594026475 0.3730228841304779 1
1608594026590 0.22008930146694183 1
1608594026693 0.1463042050600052 1
1608594026796 0.12343697249889374 1
1608594026902 0.2201572060585022 1
1608594027002 0.13339373469352722 1
1608594027115 0.27218374609947205 1
1608594027221 0.20537693798542023 1
1608594027338 0.2811945676803589 1
1608594027478 0.20801907777786255 1
1608594027619 0.2728426158428192 1
1608594027731 0.28961896896362305 1
1608594027853 0.18063156306743622 1
1608594027961 0.3129711151123047 1
1608594028090 0.1160203069448471 1
1608594028208 0.4753921627998352 1
1608594028309 0.36752283573150635 1
1608594028451 0.22412905097007751 1
1608594028569 0.15777333080768585 1
1608594028671 0.49781420826911926 1
1608594028773 0.09048231691122055 1
1608594028896 0.20145171880722046 1
1608594029003 0.49380794167518616 1
1608594029142 0.552547812461853 1
1608594029258 0.3368184566497803 1
1608594029365 0.3389643132686615 1
1608594029469 0.3744600713253021 1
1608594029582 0.26877710223197937 1
1608594029685 0.07756748050451279 1
1608594029788 0.38683825731277466 1
1608594029930 0.14751361310482025 1
1608594030044 0.31230616569519043 1
1608594030152 0.21854758262634277 1
1608594030264 0.3673386573791504 1
1608594030374 0.30607888102531433 1
1608594030476 0.31716543436050415 1
1608594030591 0.19973322749137878 1
1608594030699 0.11061564087867737 1
1608594030841 0.06291833519935608 1
1608594030968 0.261810302734375 1
1608594031106 0.08191459625959396 1
1608594031254 0.06461888551712036 1
1608594031360 0.08081189543008804 1
1608594031465 0.21891635656356812 1
1608594031580 0.27234145998954773 1
1608594031693 0.24771873652935028 1
1608594031804 0.28484290838241577 1
1608594031932 0.2591628432273865 1
1608594032064 0.14022666215896606 1
1608594032238 0.04610263928771019 1
1608594032411 0.07460574805736542 1
1608594032585 0.029460271820425987 1
1608594032753 0.0448465496301651 1
1608594032894 0.050007425248622894 1
1608594033071 0.14925003051757812 1
1608594033186 0.1314225196838379 1
1608594033294 0.1851664036512375 1
1608594033395 0.09080974757671356 1
1608594033520 0.20391184091567993 1
1608594033622 0.17417004704475403 1
1608594033775 0.1649273782968521 1
1608594033985 0.17091743648052216 1
1608594034136 0.24904893338680267 1
1608594034293 0.18140432238578796 1
1608594034400 0.18762734532356262 1
1608594034504 0.1402781456708908 1
1608594034615 0.14667193591594696 1
1608594034715 0.45031431317329407 1
1608594034824 0.3792555630207062 1
1608594034934 0.37574082612991333 1
1608594035043 0.26003724336624146 1
1608594035188 0.140894815325737 1
1608594035325 0.22968493402004242 1
1608594035432 0.16486284136772156 1
1608594035543 0.19878144562244415 1
1608594035665 0.38166332244873047 1
1608594035778 0.12997610867023468 1
1608594035883 0.27160343527793884 1
1608594035984 0.24771705269813538 1
1608594036092 0.2050425261259079 1
1608594036197 0.2607087194919586 1
1608594036301 0.11076846718788147 1
1608594036404 0.24432025849819183 1
1608594036507 0.38669025897979736 1
1608594036611 0.4448484182357788 1
1608594036711 0.13673369586467743 1
1608594036816 0.15834419429302216 1
1608594036921 0.2537100911140442 1
1608594037026 0.1358407884836197 1
1608594037128 0.20704446732997894 1
1608594037233 0.26836830377578735 1
1608594037339 0.24125418066978455 1
1608594037440 0.24947325885295868 1
1608594037545 0.15477360785007477 1
1608594037647 0.1784629225730896 1
1608594037749 0.13547144830226898 1
1608594037870 0.2368602752685547 1
1608594037992 0.2108496129512787 1
1608594038103 0.1861995905637741 1
1608594038207 0.03458709269762039 1
1608594038312 0.14754532277584076 1
1608594038419 0.31938230991363525 1
1608594038546 0.08853457123041153 1
1608594038676 0.14663930237293243 1
1608594038791 0.2747543752193451 1
1608594038906 0.4240829348564148 1
1608594039014 0.19529113173484802 1
1608594039136 0.12465250492095947 1
1608594039250 0.1977842003107071 1
1608594039355 0.17402377724647522 1
1608594039456 0.260483980178833 1
1608594039564 0.3149704337120056 1
1608594039697 0.10975459218025208 1
1608594039837 0.11326056718826294 1
1608594039954 0.29801008105278015 1
1608594040063 0.19889140129089355 1
1608594040184 0.1350308507680893 1
1608594040366 0.38332733511924744 1
1608594040543 0.21395444869995117 1
1608594040727 0.11739583313465118 1
1608594040851 0.13683979213237762 1
1608594040955 0.020253628492355347 1
1608594041057 0.08623646199703217 1
1608594041162 0.3896024227142334 1
1608594041271 0.1436445116996765 1
1608594041389 0.1263282746076584 1
1608594041520 0.0882592722773552 1
1608594041648 0.1326095014810562 1
1608594041751 0.2667931020259857 1
1608594041864 0.16480949521064758 1
1608594041972 0.0903330147266388 1
1608594042084 0.07175785303115845 1
1608594042191 0.10825242102146149 1
1608594042294 0.09617017954587936 1
1608594042410 0.2681320905685425 1
1608594042525 0.11541526764631271 1
1608594042633 0.3366495370864868 1
1608594042741 0.11478482931852341 1
1608594042850 0.07295051217079163 1
1608594042971 0.16505300998687744 1
1608594043087 0.05025206506252289 1
1608594043202 0.08922404795885086 1
1608594043310 0.09886384755373001 1
1608594043414 0.17993569374084473 1
1608594043563 0.11000511050224304 1
1608594043672 0.1496058702468872 1
1608594043787 0.16451813280582428 1
1608594043912 0.16838973760604858 1
1608594044072 0.2698434591293335 1
1608594044247 0.10358987003564835 1
1608594044418 0.07969052344560623 1
1608594044621 0.17675451934337616 1
1608594044801 0.1584913283586502 1
1608594045058 0.1093035414814949 1
1608594045279 0.12305166572332382 1
1608594045458 0.040046729147434235 1
1608594045884 0.13173790276050568 1
1608594046429 0.08378174155950546 1
1608594046731 0.10803808271884918 1
1608594047140 0.07515808194875717 1
1608594047403 0.12353058159351349 1
1608594047586 0.20749858021736145 1
1608594047777 0.16645735502243042 1
1608594048093 0.10760073363780975 1
1608594048388 0.40009474754333496 1
1608594048615 0.22565636038780212 1
1608594048778 0.179740309715271 1
1608594048965 0.1980016529560089 1
1608594049129 0.11458928883075714 1
1608594049327 0.24371911585330963 1
1608594049491 0.16837665438652039 1
1608594049653 0.057792432606220245 1
1608594049807 0.13775032758712769 1
1608594049960 0.22753901779651642 1
1608594050100 0.10219644755125046 1
1608594050376 0.12864884734153748 1
1608594050571 0.04109589383006096 1
1608594050712 0.17314094305038452 1
1608594050867 0.06474599242210388 1
1608594051017 0.1305144876241684 1
1608594051176 0.13071824610233307 1
1608594051290 0.05531863868236542 1
1608594051525 0.03361628204584122 1
1608594051700 0.042378950864076614 1
1608594051899 0.0529700331389904 1
1608594052076 0.3353274166584015 1
1608594052230 0.19518987834453583 1
1608594052367 0.28713706135749817 1
1608594052547 0.09527852386236191 1
1608594052690 0.319782018661499 1
1608594052799 0.07018101215362549 1
1608594052921 0.20466922223567963 1
1608594053030 0.1821325272321701 1
1608594053136 0.06638608127832413 1
1608594053246 0.0382937416434288 1
1608594053363 0.00797965470701456 1
1608594053525 0.1697949469089508 1
1608594053675 0.06781797856092453 1
1608594053800 0.031029995530843735 1
1608594053914 0.2044345736503601 1
1608594054028 0.21945296227931976 1
1608594054141 0.08625823259353638 1
1608594054256 0.24663981795310974 1
1608594054371 0.10032228380441666 1
1608594054489 0.3103969991207123 1
1608594054604 0.1773538440465927 1
1608594054718 0.11611128598451614 1
1608594054843 0.04094478115439415 1
1608594054975 0.1669793576002121 1
1608594055100 0.2787564992904663 1
1608594055221 0.1721946746110916 1
1608594055332 0.2536199390888214 1
1608594055439 0.1091320812702179 1
1608594055553 0.33614519238471985 1
1608594055664 0.3219614326953888 1
1608594055771 0.09973292052745819 1
1608594055933 0.1542724221944809 1
1608594056124 0.23707719147205353 1
1608594056270 0.06885408610105515 1
1608594056393 0.10174459964036942 1
1608594056513 0.06679806113243103 1
1608594056626 0.11249569803476334 1
1608594056731 0.07332836091518402 1
1608594056839 0.04348733276128769 1
1608594056944 0.18818558752536774 1
1608594057044 0.06555444747209549 1
1608594057147 0.027791932225227356 1
1608594057252 0.012166101485490799 1
1608594057360 0.04888274893164635 1
1608594057470 0.3164185881614685 1
1608594057584 0.115135058760643 1
1608594057686 0.04447440803050995 1
1608594057787 0.22738535702228546 1
1608594057895 0.17174780368804932 1
1608594057996 0.20043553411960602 1
1608594058115 0.1987912654876709 1
1608594058222 0.024134336039423943 1
1608594058321 0.0734635591506958 1
1608594058432 0.2946602702140808 1
1608594058538 0.2261934131383896 1
1608594058647 0.22190755605697632 1
1608594058747 0.1037067323923111 1
1608594058853 0.29406726360321045 1
1608594058955 0.09831014275550842 1
1608594059057 0.03299110382795334 1
1608594059160 0.023883648216724396 1
1608594059264 0.05014641210436821 1
1608594059369 0.24444884061813354 1
1608594059493 0.13028071820735931 1
1608594059609 0.11300887167453766 1
1608594059729 0.02820848487317562 1
1608594059853 0.08500221371650696 1
1608594059970 0.09433325380086899 1
1608594060085 0.08527903258800507 1
1608594060222 0.02356276661157608 1
1608594060335 0.17528848350048065 1
1608594060443 0.05383371189236641 1
1608594060557 0.10131575912237167 1
1608594060660 0.13603173196315765 1
1608594060771 0.19281917810440063 1
1608594060891 0.2036333978176117 1
1608594060992 0.11468268930912018 1
1608594061094 0.192312091588974 1
1608594061207 0.03252290189266205 1
1608594061324 0.08707080036401749 1
1608594061442 0.06719530373811722 1
1608594061570 0.08484868705272675 1
1608594061683 0.014487586915493011 1
1608594061790 0.07609093189239502 1
1608594061914 0.1045142188668251 1
1608594062029 0.08352679014205933 1
1608594062139 0.21772518754005432 1
1608594062254 0.1967640221118927 1
1608594062367 0.1747223138809204 1
1608594062478 0.23733019828796387 1
1608594062590 0.07457084953784943 1
1608594062703 0.0665416345000267 1
1608594062809 0.12488679587841034 1
1608594062919 0.07038741558790207 1
1608594063069 0.026308279484510422 1
1608594063260 0.08928454667329788 1
1608594063438 0.1972191333770752 1
1608594063568 0.3119180500507355 1
1608594063683 0.066987544298172 1
1608594063799 0.02134762331843376 1
1608594063919 0.23056964576244354 1
1608594064028 0.2756316363811493 1
1608594064136 0.07007607072591782 1
1608594064251 0.12171542644500732 1
1608594064359 0.1640467792749405 1
1608594064470 0.3109443187713623 1
1608594064581 0.10245108604431152 1
1608594064683 0.10067318379878998 1
1608594064789 0.10547728836536407 1
1608594064897 0.13959072530269623 1
1608594065002 0.08818993717432022 1
1608594065108 0.0616174153983593 1
1608594065216 0.07524456083774567 1
1608594065321 0.10660623013973236 1
1608594065448 0.18088015913963318 1
1608594065587 0.12365087121725082 1
1608594065716 0.0752558559179306 1
1608594065850 0.17654666304588318 1
1608594065964 0.376030296087265 1
1608594066087 0.22480501234531403 1
1608594066238 0.08295445889234543 1
1608594066368 0.11986487358808517 1
1608594066488 0.3106941878795624 1
1608594066647 0.04536346718668938 1
1608594066769 0.16688521206378937 1
1608594066883 0.16801327466964722 1
1608594066994 0.24975435435771942 1
1608594067125 0.2522469460964203 1
1608594067256 0.13716989755630493 1
1608594067361 0.05092433840036392 1
1608594067465 0.07292947918176651 1
1608594067594 0.21806390583515167 1
1608594067712 0.2602927088737488 1
1608594067840 0.20718435943126678 1
1608594067990 0.1572907269001007 1
1608594068124 0.058633774518966675 1
1608594068263 0.1638631373643875 1
1608594068377 0.0916416123509407 1
1608594068496 0.053148746490478516 1
1608594068620 0.03878198564052582 1
1608594068726 0.0361260287463665 1
1608594068830 0.2605245113372803 1
1608594068934 0.09853529185056686 1
1608594069050 0.06572785973548889 1
1608594069175 0.026983890682458878 1
1608594069295 0.42145323753356934 1
1608594069441 0.15845699608325958 1
1608594069616 0.06345155835151672 1
1608594069759 0.08681534975767136 1
1608594069871 0.33273062109947205 1
1608594069976 0.09405114501714706 1
1608594070081 0.09246905893087387 1
1608594070186 0.14836496114730835 1
1608594070289 0.026965901255607605 1
1608594070391 0.10542977601289749 1
1608594070504 0.13428261876106262 1
1608594070616 0.12474863976240158 1
1608594070724 0.18132136762142181 1
1608594070837 0.16901487112045288 1
1608594070943 0.049108486622571945 1
1608594071047 0.07749592512845993 1
1608594071150 0.26120200753211975 1
1608594071258 0.04900379851460457 1
1608594071361 0.07129082828760147 1
1608594071467 0.10729977488517761 1
1608594071585 0.1007167249917984 1
1608594071684 0.19119670987129211 1
1608594071785 0.048592936247587204 1
1608594071897 0.17091302573680878 1
1608594071998 0.1509810984134674 1
1608594072099 0.28071409463882446 1
1608594072203 0.15232720971107483 1
1608594072307 0.17953231930732727 1
1608594072413 0.09521506726741791 1
1608594072519 0.07193545252084732 1
1608594072636 0.034533701837062836 1
1608594072744 0.07329165190458298 1
1608594072851 0.044173967093229294 1
1608594072953 0.2145095020532608 1
1608594073057 0.26838526129722595 1
1608594073157 0.18105043470859528 1
1608594073267 0.045753709971904755 1
1608594073377 0.05615491420030594 1
1608594073480 0.1947014033794403 1
1608594073592 0.10208998620510101 1
1608594073705 0.056152716279029846 1
1608594073818 0.12816648185253143 1
1608594073934 0.10698432475328445 1
1608594074041 0.12921571731567383 1
1608594074156 0.18335410952568054 1
1608594074274 0.12785036861896515 1
1608594074387 0.11826851218938828 1
1608594074496 0.10636977851390839 1
1608594074616 0.08671901375055313 1
1608594074738 0.11454425752162933 1
1608594074864 0.12675100564956665 1
1608594074985 0.20125947892665863 1
1608594075096 0.23369108140468597 1
1608594075216 0.19357356429100037 1
1608594075335 0.12800651788711548 1
1608594075450 0.045023880898952484 1
1608594075576 0.14017720520496368 1
1608594075685 0.20776508748531342 1
1608594075795 0.15102353692054749 1
1608594075915 0.0829501524567604 1
1608594076031 0.06730932742357254 1
1608594076138 0.1819162517786026 1
1608594076248 0.31571561098098755 1
1608594076353 0.11265743523836136 1
1608594076456 0.20708110928535461 1
1608594076564 0.16203752160072327 1
1608594076668 0.02381785400211811 1
1608594076771 0.10783781111240387 1
1608594076880 0.09457346796989441 1
1608594076992 0.2667258381843567 1
1608594077098 0.29801085591316223 1
1608594077207 0.04496539384126663 1
1608594077324 0.01837746798992157 1
1608594077431 0.2692562937736511 1
1608594077541 0.13004401326179504 1
1608594077643 0.03856922313570976 1
1608594077744 0.12790895998477936 1
1608594077851 0.05971219390630722 1
1608594077954 0.1548262983560562 1
1608594078060 0.09145691245794296 1
1608594078179 0.0768541544675827 1
1608594078288 0.120699442923069 1
1608594078394 0.021715326234698296 1
1608594078499 0.1119961068034172 1
1608594078607 0.09718813002109528 1
1608594078714 0.08654718101024628 1
1608594078816 0.014026354998350143 1
1608594078921 0.017481056973338127 1
1608594079026 0.03774556145071983 1
1608594079134 0.1212659478187561 1
1608594079254 0.06149109825491905 1
1608594079361 0.10753405094146729 1
1608594079463 0.05496673285961151 1
1608594079569 0.032641004770994186 1
1608594079670 0.2192438840866089 1
1608594079772 0.11643442511558533 1
1608594079879 0.17248541116714478 1
1608594079983 0.013568690046668053 1
1608594080086 0.23700305819511414 1
1608594080196 0.17198073863983154 1
1608594080311 0.059949688613414764 1
1608594080417 0.2928104102611542 1
1608594080526 0.11307942122220993 1
1608594080632 0.16944357752799988 1
1608594080738 0.1119324117898941 1
1608594080844 0.04679087921977043 1
1608594080947 0.14924059808254242 1
1608594081049 0.2272162139415741 1
1608594081151 0.04586450010538101 1
1608594081265 0.027244925498962402 1
1608594081392 0.047076258808374405 1
1608594081515 0.381964772939682 1
1608594081630 0.08342745900154114 1
1608594081739 0.16244138777256012 1
1608594081853 0.043290942907333374 1
1608594081968 0.08953893184661865 1
1608594082080 0.008533567190170288 1
1608594082197 0.18649433553218842 1
1608594082315 0.16163133084774017 1
1608594082440 0.0972311794757843 1
1608594082571 0.1811535805463791 1
1608594082685 0.05390630662441254 1
1608594082797 0.054857321083545685 1
1608594082917 0.17557571828365326 1
1608594083039 0.06654807180166245 1
1608594083216 0.03368828445672989 1
1608594083378 0.19003276526927948 1
1608594083513 0.03900645673274994 1
1608594083670 0.1446482390165329 1
1608594083827 0.028333468362689018 1
1608594084003 0.1644340455532074 1
1608594084177 0.15634848177433014 1
1608594084295 0.045929811894893646 1
1608594084406 0.11952725052833557 1
1608594084524 0.05903992801904678 1
1608594084645 0.3594695031642914 1
1608594084758 0.3224237561225891 1
1608594084883 0.08682835847139359 1
1608594084992 0.02807811088860035 1
1608594085100 0.12176728993654251 1
1608594085216 0.18116869032382965 1
1608594085327 0.13795499503612518 1
1608594085437 0.1384730190038681 1
1608594085548 0.18425855040550232 1
1608594085657 0.0664617195725441 1
1608594085761 0.08780784159898758 1
1608594085869 0.1505100578069687 1
1608594085976 0.12408913671970367 1
1608594086077 0.14232730865478516 1
1608594086192 0.09594116359949112 1
1608594086317 0.03642512112855911 1
1608594086471 0.12931744754314423 1
1608594086653 0.07899296283721924 1
1608594086762 0.02591436542570591 1
1608594086894 0.07059381902217865 1
1608594087006 0.042975738644599915 1
1608594087132 0.19772382080554962 1
1608594087251 0.14564239978790283 1
1608594087359 0.1847030520439148 1
1608594087471 0.1059115082025528 1
1608594087597 0.18997469544410706 1
1608594087706 0.16687066853046417 1
1608594087816 0.021756423637270927 1
1608594087927 0.02493489347398281 1
1608594088037 0.0245760977268219 1
1608594088159 0.09096723049879074 1
1608594088269 0.08982603251934052 1
1608594088379 0.037566762417554855 1
1608594088489 0.06760741770267487 1
1608594088610 0.10810436308383942 1
1608594088731 0.09016956388950348 1
1608594088852 0.29123473167419434 1
1608594088959 0.32986509799957275 1
1608594089092 0.12633660435676575 1
1608594089218 0.10983917862176895 1
1608594089331 0.09787458181381226 1
1608594089439 0.13386961817741394 1
1608594089566 0.016049304977059364 1
1608594089690 0.12614603340625763 1
1608594089801 0.02183620259165764 1
1608594089929 0.10406223684549332 1
1608594090039 0.11750109493732452 1
1608594090147 0.14380452036857605 1
1608594090265 0.07063978910446167 1
1608594090368 0.10388962924480438 1
1608594090474 0.17005513608455658 1
1608594090582 0.12267161905765533 1
1608594090683 0.06624140590429306 1
1608594090787 0.0598943755030632 1
1608594090903 0.07652530819177628 1
1608594091027 0.11476486176252365 1
1608594091143 0.12073955684900284 1
1608594091258 0.18117322027683258 1
1608594091367 0.0811348706483841 1
1608594091477 0.1337757557630539 1
1608594091593 0.06634090840816498 1
1608594091701 0.05655089020729065 1
1608594091806 0.10410331934690475 1
1608594091921 0.15993188321590424 1
1608594092022 0.03697185963392258 1
1608594092125 0.10313156992197037 1
1608594092232 0.13002505898475647 1
1608594092335 0.21630536019802094 1
1608594092438 0.2198130339384079 1
1608594092542 0.25667476654052734 1
1608594092643 0.07575255632400513 1
1608594092746 0.11254603415727615 1
1608594092852 0.10983603447675705 1
1608594092954 0.04923723638057709 1
1608594093066 0.07669372111558914 1
1608594093181 0.12722031772136688 1
1608594093296 0.10469438880681992 1
1608594093411 0.0820409506559372 1
1608594093532 0.10654708743095398 1
1608594093668 0.03080914169549942 1
1608594093797 0.10005932301282883 1
1608594093926 0.07551861554384232 1
1608594094040 0.08891195058822632 1
1608594094154 0.06425270438194275 1
1608594094271 0.22344808280467987 1
1608594094382 0.23708476126194 1
1608594094498 0.09503789246082306 1
1608594094617 0.12312164157629013 1
1608594094731 0.09478422999382019 1
1608594094863 0.09363222122192383 1
1608594094978 0.031715020537376404 1
1608594095094 0.14439469575881958 1
1608594095203 0.07773858308792114 1
1608594095311 0.0885223001241684 1
1608594095421 0.24861325323581696 1
1608594095539 0.0936519205570221 1
1608594095645 0.10906098783016205 1
1608594095757 0.2834818661212921 1
1608594095889 0.02163098007440567 1
1608594096023 0.09052007645368576 1
1608594096158 0.1824198216199875 1
1608594096293 0.04852251335978508 1
1608594096419 0.22172285616397858 1
1608594096538 0.0919206291437149 1
1608594096649 0.14271584153175354 1
1608594096759 0.039245739579200745 1
1608594096879 0.138802632689476 1
1608594096991 0.16798700392246246 1
1608594097110 0.08360343426465988 1
1608594097230 0.1332131177186966 1
1608594097338 0.15998807549476624 1
1608594097444 0.09044494479894638 1
1608594097559 0.04904114454984665 1
1608594097671 0.17991362512111664 1
1608594097782 0.0423707515001297 1
1608594097894 0.1057918593287468 1
1608594097999 0.2387116551399231 1
1608594098106 0.2410137951374054 1
1608594098212 0.030645260587334633 1
1608594098318 0.038980625569820404 1
1608594098425 0.08859287947416306 1
1608594098537 0.04525063931941986 1
1608594098646 0.15500853955745697 1
1608594098757 0.11248805373907089 1
1608594098875 0.07090184092521667 1
1608594098994 0.11629576236009598 1
1608594099116 0.06370870769023895 1
1608594099264 0.14050331711769104 1
1608594099395 0.07152445614337921 1
1608594099528 0.030246417969465256 1
1608594099649 0.13051491975784302 1
1608594099759 0.09859832376241684 1
1608594099873 0.20210692286491394 1
1608594099983 0.08219148218631744 1
1608594100098 0.2963051497936249 1
1608594100211 0.12901252508163452 1
1608594100320 0.07243985682725906 1
1608594100428 0.24755731225013733 1
1608594100545 0.06843593716621399 1
1608594100658 0.10690897703170776 1
1608594100769 0.09306903183460236 1
1608594100880 0.12302641570568085 1
1608594100987 0.15878863632678986 1
1608594101096 0.06023397296667099 1
1608594101208 0.16267329454421997 1
1608594101315 0.2643090784549713 1
1608594101429 0.09014153480529785 1
1608594101549 0.17172971367835999 1
1608594101665 0.07247790694236755 1
1608594101773 0.05416760966181755 1
1608594101889 0.02699023112654686 1
1608594101994 0.0956159308552742 1
1608594102101 0.17047981917858124 1
1608594102210 0.08255191892385483 1
1608594102315 0.16966190934181213 1
1608594102421 0.06725351512432098 1
1608594102544 0.21989808976650238 1
1608594102660 0.12468241900205612 1
1608594102778 0.039916131645441055 1
1608594102900 0.09411050379276276 1
1608594103016 0.22044222056865692 1
1608594103133 0.10038350522518158 1
1608594103255 0.13297370076179504 1
1608594103368 0.21823185682296753 1
1608594103474 0.09636644273996353 1
1608594103589 0.08728153258562088 1
1608594103695 0.05007569491863251 1
1608594103801 0.03197626769542694 1
1608594103915 0.06815401464700699 1
1608594104025 0.07865862548351288 1
1608594104133 0.2427741289138794 1
1608594104247 0.06486856937408447 1
1608594104354 0.06965858489274979 1
1608594104461 0.1141316220164299 1
1608594104571 0.030004963278770447 1
1608594104678 0.06023171544075012 1
1608594104785 0.11440560221672058 1
1608594104902 0.1356121301651001 1
1608594105014 0.09977254271507263 1
1608594105124 0.07266886532306671 1
1608594105244 0.056290511041879654 1
1608594105361 0.035643815994262695 1
1608594105481 0.022371573373675346 1
1608594105604 0.033071719110012054 1
1608594105727 0.04326745495200157 1
1608594105854 0.032946519553661346 1
1608594105975 0.2538376450538635 1
1608594106095 0.35493674874305725 1
1608594106221 0.17896094918251038 1
1608594106342 0.13284462690353394 1
1608594106463 0.3126045763492584 1
1608594106575 0.08232728391885757 1
1608594106684 0.05865101516246796 1
1608594106791 0.057118870317935944 1
1608594106901 0.026619508862495422 1
1608594107007 0.16273024678230286 1
1608594107113 0.4325588047504425 1
1608594107222 0.06838592886924744 1
1608594107328 0.06859691441059113 1
1608594107439 0.08816218376159668 1
1608594107550 0.07980743795633316 1
1608594107657 0.2561214864253998 1
1608594107762 0.06256796419620514 1
1608594107875 0.014880829490721226 1
1608594107992 0.06926783919334412 1
1608594108109 0.07132265716791153 1
1608594108219 0.2490418553352356 1
1608594108326 0.1666773110628128 1
1608594108433 0.15412040054798126 1
1608594108542 0.3786918818950653 1
1608594108647 0.05093427002429962 1
1608594108753 0.19738467037677765 1
1608594108861 0.10232774913311005 1
1608594108969 0.09909594804048538 1
1608594109086 0.05648074299097061 1
1608594109213 0.08557498455047607 1
1608594109331 0.03052477166056633 1
1608594109450 0.1367122232913971 1
1608594109579 0.06063568964600563 1
1608594109696 0.015281104482710361 1
1608594109805 0.015456011518836021 1
1608594109915 0.024937374517321587 1
1608594110021 0.2860671281814575 1
1608594110137 0.10773921012878418 1
1608594110250 0.07296685874462128 1
1608594110367 0.057765230536460876 1
1608594110519 0.08727627992630005 1
1608594110638 0.07552775740623474 1
1608594110770 0.010948508977890015 1
1608594110912 0.02652043290436268 1
1608594111055 0.17968901991844177 1
1608594111228 0.01848842203617096 1
1608594111429 0.02098509855568409 1
1608594111659 0.12687574326992035 1
1608594111939 0.19149599969387054 1
1608594112121 0.09429441392421722 1
1608594112355 0.1987248957157135 1
1608594112583 0.08757030218839645 1
1608594112781 0.051461756229400635 1
1608594112958 0.15254457294940948 1
1608594113108 0.024752067402005196 1
1608594113246 0.05272388830780983 1
1608594113363 0.02990388125181198 1
1608594113477 0.06545846164226532 1
1608594113603 0.028611062094569206 1
1608594113735 0.0500994548201561 1
1608594113852 0.06685906648635864 1
1608594113966 0.14616315066814423 1
1608594114095 0.16755448281764984 1
1608594114231 0.28968727588653564 1
1608594114345 0.05437907204031944 1
1608594114455 0.024989599362015724 1
1608594114580 0.18620839715003967 1
1608594114703 0.07328376173973083 1
1608594114835 0.047263845801353455 1
1608594115006 0.026506658643484116 1
1608594115132 0.035345230251550674 1
1608594115260 0.166111558675766 1
1608594115375 0.0050383093766868114 1
1608594115488 0.18026994168758392 1
1608594115625 0.07760091125965118 1
1608594115747 0.035909295082092285 1
1608594115872 0.07414331287145615 1
1608594116000 0.28353625535964966 1
1608594116136 0.0603848397731781 1
1608594116296 0.22116830945014954 1
1608594116416 0.10083460062742233 1
1608594116536 0.052084315568208694 1
1608594116644 0.0556153804063797 1
1608594116755 0.04943879693746567 1
1608594116874 0.042480695992708206 1
1608594116987 0.027960551902651787 1
1608594117113 0.08619997650384903 1
1608594117244 0.08752650022506714 1
1608594117368 0.0945969894528389 1
1608594117500 0.04176413267850876 1
1608594117654 0.04471485689282417 1
1608594117769 0.17005370557308197 1
1608594117886 0.028076859191060066 1
1608594117998 0.18957242369651794 1
1608594118157 0.21092797815799713 1
1608594118285 0.03605246543884277 1
1608594118392 0.028865622356534004 1
1608594118506 0.025616981089115143 1
1608594118640 0.10208619385957718 1
1608594118770 0.13129164278507233 1
1608594118929 0.23910726606845856 1
1608594119056 0.04038863629102707 1
1608594119191 0.05508697032928467 1
1608594119312 0.2204442322254181 1
1608594119428 0.1539946347475052 1
1608594119547 0.015194006264209747 1
1608594119679 0.09416782855987549 1
1608594119802 0.28590866923332214 1
1608594119944 0.20574718713760376 1
1608594120071 0.20896391570568085 1
1608594120203 0.027557633817195892 1
1608594120330 0.1691218465566635 1
1608594120451 0.03927045315504074 1
1608594120592 0.13755090534687042 1
1608594120718 0.1811162382364273 1
1608594120844 0.12166552990674973 1
1608594120982 0.09033609926700592 1
1608594121136 0.14710581302642822 1
1608594121294 0.21184279024600983 1
1608594121411 0.035525791347026825 1
1608594121531 0.12071717530488968 1
1608594121654 0.03285517543554306 1
1608594121763 0.04468078911304474 1
1608594121880 0.18655605614185333 1
1608594121986 0.04365832358598709 1
1608594122095 0.015196520835161209 1
1608594122213 0.1115671917796135 1
1608594122334 0.09444303810596466 1
1608594122500 0.026573630049824715 1
1608594122633 0.03867151960730553 1
1608594122749 0.06564078480005264 1
1608594122874 0.07353488355875015 1
1608594122986 0.07843616604804993 1
1608594123105 0.024851929396390915 1
1608594123220 0.030900590121746063 1
1608594123335 0.025578852742910385 1
1608594123450 0.10503721982240677 1
1608594123580 0.06551225483417511 1
1608594123702 0.2162865400314331 1
1608594123812 0.01719616912305355 1
1608594123924 0.004762341734021902 1
1608594124031 0.032952483743429184 1
1608594124195 0.0384010374546051 1
1608594124306 0.13900145888328552 1
1608594124417 0.00858977809548378 1
1608594124537 0.008883520029485226 1
1608594124655 0.022172750905156136 1
1608594124809 0.00561123713850975 1
1608594124945 0.00511074997484684 1
1608594125053 0.04254257678985596 1
1608594125173 0.0037949467077851295 1
1608594125287 0.005141407251358032 1
1608594125403 0.06010306254029274 1
1608594125526 0.00122477684635669 1
1608594125663 0.05925137177109718 1
1608594125769 0.03823399171233177 1
1608594125879 0.0236845500767231 1
1608594126025 0.010483907535672188 1
1608594126137 0.00045838404912501574 1
1608594126249 0.0007243159925565124 1
1608594126355 0.0037472834810614586 1
1608594126462 0.005108969286084175 1
1608594126576 0.13207393884658813 1
1608594126684 0.09969083219766617 1
1608594126794 0.04878802224993706 1
1608594126909 0.01838395558297634 1
1608594127041 0.002115804236382246 1
1608594127252 0.03842071816325188 1
1608594127381 0.21682894229888916 1
1608594127497 0.4815728962421417 1
1608594127611 0.026363393291831017 1
1608594127738 0.0020546650048345327 1
1608594127906 0.6106719374656677 1
1608594128025 0.07918744534254074 1
1608594128223 0.06086282432079315 2
1608594128342 0.08398280292749405 2
1608594128479 0.10542616993188858 2
1608594128592 0.08415442705154419 2
1608594128698 0.05388014018535614 2
1608594128805 0.08036771416664124 2
1608594128917 0.07084007561206818 2
1608594129023 0.3695785105228424 2
1608594129130 0.04101448878645897 2
1608594129241 0.08241062611341476 2
1608594129348 0.013575701974332333 2
1608594129459 0.0626986101269722 2
1608594129588 0.09608487039804459 2
1608594129695 0.13909706473350525 2
1608594129803 0.15983550250530243 2
1608594129918 0.10680167376995087 2
1608594130030 0.1871437132358551 2
1608594130141 0.1390400379896164 2
1608594130254 0.05106868967413902 2
1608594130362 0.09506922215223312 2
1608594130473 0.0764552652835846 2
1608594130587 0.2838592827320099 2
1608594130697 0.02599615603685379 2
1608594130805 0.05653098225593567 2
1608594130922 0.12331830710172653 2
1608594131038 0.12297184765338898 2
1608594131156 0.05977499857544899 2
1608594131272 0.10622640699148178 2
1608594131396 0.09797518700361252 2
1608594131516 0.03798781335353851 2
1608594131629 0.06975382566452026 2
1608594131749 0.09003913402557373 2
1608594131869 0.11705251783132553 2
1608594131980 0.03126935660839081 2
1608594132091 0.07362420111894608 2
1608594132205 0.025592375546693802 2
1608594132314 0.043026648461818695 2
1608594132421 0.20524512231349945 2
1608594132536 0.03740717098116875 2
1608594132645 0.04824187979102135 2
1608594132754 0.05603257939219475 2
1608594132870 0.09347620606422424 2
1608594132985 0.16190505027770996 2
1608594133093 0.05248003825545311 2
1608594133207 0.028156211599707603 2
1608594133315 0.10782571136951447 2
1608594133424 0.02390562929213047 2
1608594133538 0.039024289697408676 2
1608594133647 0.01715061441063881 2
1608594133756 0.015272178687155247 2
1608594133870 0.02604384906589985 2
1608594133978 0.11214926838874817 2
1608594134092 0.057617735117673874 2
1608594134206 0.01956137828528881 2
1608594134317 0.11849284172058105 2
1608594134425 0.10990650206804276 2
1608594134542 0.03518170863389969 2
1608594134652 0.12133488804101944 2
1608594134762 0.22036771476268768 2
1608594134877 0.05254027247428894 2
1608594134986 0.007726054172962904 2
1608594135098 0.015231219120323658 2
1608594135217 0.22486937046051025 2
1608594135326 0.0767880380153656 2
1608594135436 0.16879498958587646 2
1608594135552 0.059494782239198685 2
1608594135661 0.02619907632470131 2
1608594135770 0.02027106285095215 2
1608594135881 0.048399779945611954 2
1608594135991 0.20217104256153107 2
1608594136101 0.06754623353481293 2
1608594136214 0.07184301316738129 2
1608594136326 0.10530183464288712 2
1608594136436 0.017168695107102394 2
1608594136545 0.032503481954336166 2
1608594136653 0.009382822550833225 2
1608594136760 0.006145401392132044 2
1608594136871 0.15994994342327118 2
1608594136979 0.12703007459640503 2
1608594137086 0.04436923563480377 2
1608594137197 0.24981048703193665 2
1608594137305 0.038690660148859024 2
1608594137418 0.10922329127788544 2
1608594137530 0.24655656516551971 2
1608594137644 0.0530431903898716 2
1608594137753 0.03876286745071411 2
1608594137865 0.044293276965618134 2
1608594137974 0.026087425649166107 2
1608594138083 0.044592078775167465 2
1608594138205 0.21934503316879272 2
1608594138317 0.052736036479473114 2
1608594138426 0.15861959755420685 2
1608594138542 0.027144361287355423 2
1608594138649 0.03899934142827988 2
1608594138762 0.009446385316550732 2
1608594138876 0.35821500420570374 2
1608594138983 0.012638780288398266 2
1608594139092 0.05871647223830223 2
1608594139206 0.058941032737493515 2
1608594139314 0.059193938970565796 2
1608594139428 0.1987573653459549 2
1608594139541 0.08982173353433609 2
1608594139650 0.04644528403878212 2
1608594139759 0.03909500688314438 2
1608594139873 0.07393766939640045 2
1608594139980 0.028206318616867065 2
1608594140088 0.06300394237041473 2
1608594140199 0.17487145960330963 2
1608594140307 0.16711178421974182 2
1608594140416 0.1460624635219574 2
1608594140537 0.16866916418075562 2
1608594140655 0.048371702432632446 2
1608594140765 0.12290319800376892 2
1608594140874 0.12995027005672455 2
1608594140981 0.0406121127307415 2
1608594141092 0.011786100454628468 2
1608594141212 0.022818494588136673 2
1608594141331 0.043817032128572464 2
1608594141447 0.045409996062517166 2
1608594141568 0.01802581176161766 2
1608594141687 0.030162127688527107 2
1608594141806 0.04990357905626297 2
1608594141936 0.021103043109178543 2
1608594142055 0.03243167698383331 2
1608594142173 0.121941477060318 2
1608594142282 0.05067514628171921 2
1608594142390 0.17505459487438202 2
1608594142497 0.013272596523165703 2
1608594142608 0.24243241548538208 2
1608594142719 0.12086161971092224 2
1608594142836 0.01649400219321251 2
1608594142955 0.025994446128606796 2
1608594143067 0.11847424507141113 2
1608594143182 0.004651272669434547 2
1608594143291 0.012582794763147831 2
1608594143399 0.05810444429516792 2
1608594143509 0.2954558730125427 2
1608594143622 0.09543375670909882 2
1608594143736 0.290370374917984 2
1608594143854 0.033038098365068436 2
1608594143970 0.12896381318569183 2
1608594144085 0.01725795306265354 2
1608594144208 0.08325233310461044 2
1608594144322 0.03422093763947487 2
1608594144438 0.11704283952713013 2
1608594144560 0.03654143959283829 2
1608594144677 0.1264936625957489 2
1608594144790 0.11202184110879898 2
1608594144923 0.0779622346162796 2
1608594145040 0.029691243544220924 2
1608594145151 0.09107308089733124 2
1608594145263 0.00836146529763937 2
1608594145372 0.08544820547103882 2
1608594145480 0.0025158382486552 2
1608594145591 0.04762699082493782 2
1608594145701 0.033757105469703674 2
1608594145806 0.11362497508525848 2
1608594145918 0.1356760412454605 2
1608594146025 0.018846284598112106 2
1608594146133 0.12556631863117218 2
1608594146244 0.13076774775981903 2
1608594146351 0.02159971185028553 2
1608594146462 0.008399685844779015 2
1608594146580 0.013400635682046413 2
1608594146685 0.0027338392101228237 2
1608594146793 0.01511739194393158 2
1608594146904 0.00945076160132885 2
1608594147010 0.052269287407398224 2
1608594147116 0.17277152836322784 2
1608594147229 0.020109672099351883 2
1608594147342 0.009189816191792488 2
1608594147464 0.4871978461742401 2
1608594147579 0.07003973424434662 2
1608594147690 0.04473581537604332 2
1608594147807 0.005372397135943174 2
1608594147921 0.14988169074058533 2
1608594148037 0.02577277459204197 2
1608594148172 0.026959430426359177 2
1608594148305 0.01817023754119873 2
1608594148448 0.042127277702093124 2
1608594148576 0.18124404549598694 2
1608594148699 0.09125836938619614 2
1608594148833 0.036337170749902725 2
1608594148953 0.15160928666591644 2
1608594149075 0.034933239221572876 2
1608594149189 0.07680395990610123 2
1608594149300 0.06761332601308823 2
1608594149412 0.019867628812789917 2
1608594149521 0.06859145313501358 2
1608594149630 0.01299508661031723 2
1608594149739 0.09257534891366959 2
1608594149855 0.057590268552303314 2
1608594149967 0.043870653957128525 2
1608594150082 0.057959530502557755 2
1608594150196 0.03782691806554794 2
1608594150308 0.037520259618759155 2
1608594150420 0.16100414097309113 2
1608594150537 0.050664037466049194 2
1608594150650 0.03804106265306473 2
1608594150760 0.009209271520376205 2
1608594150875 0.02186622843146324 2
1608594150984 0.0979357436299324 2
1608594151095 0.06774517148733139 2
1608594151204 0.2178255319595337 2
1608594151314 0.07447084039449692 2
1608594151431 0.23347501456737518 2
1608594151553 0.1039566621184349 2
1608594151670 0.07296589761972427 2
1608594151782 0.018885381519794464 2
1608594151900 0.11527339369058609 2
1608594152023 0.10000822693109512 2
1608594152143 0.1380358636379242 2
1608594152269 0.015983903780579567 2
1608594152392 0.21981696784496307 2
1608594152509 0.13692925870418549 2
1608594152619 0.007352932821959257 2
1608594152727 0.08095012605190277 2
1608594152839 0.1089998334646225 2
1608594152954 0.1685369908809662 2
1608594153063 0.05026664957404137 2
1608594153175 0.022482847794890404 2
1608594153286 0.023154500871896744 2
1608594153398 0.04488382488489151 2
1608594153514 0.06968212872743607 2
1608594153626 0.163915753364563 2
1608594153733 0.01233675517141819 2
1608594153846 0.02993645891547203 2
1608594153956 0.22315509617328644 2
1608594154069 0.1268167793750763 2
1608594154180 0.021324556320905685 2
1608594154289 0.13276198506355286 2
1608594154398 0.04546474292874336 2
1608594154512 0.02710079774260521 2
1608594154626 0.07333400845527649 2
1608594154734 0.005629817023873329 2
1608594154845 0.014659467153251171 2
1608594154957 0.26282748579978943 2
1608594155070 0.008425367996096611 2
1608594155185 0.06378089636564255 2
1608594155293 0.057758182287216187 2
1608594155404 0.09616326540708542 2
1608594155516 0.14097411930561066 2
1608594155628 0.03235524892807007 2
1608594155735 0.04114159569144249 2
1608594155845 0.044041890650987625 2
1608594155954 0.01119606290012598 2
1608594156062 0.14693908393383026 2
1608594156176 0.0711083859205246 2
1608594156286 0.020210374146699905 2
1608594156395 0.2096448689699173 2
1608594156504 0.024772418662905693 2
1608594156614 0.020763926208019257 2
1608594156724 0.14686746895313263 2
1608594156834 0.1303049921989441 2
1608594156945 0.06546405702829361 2
1608594157055 0.12247496843338013 2
1608594157162 0.02097463235259056 2
1608594157274 0.022005008533596992 2
1608594157383 0.048527203500270844 2
1608594157492 0.01595270074903965 2
1608594157601 0.14728392660617828 2
1608594157710 0.09518159925937653 2
1608594157820 0.03436754643917084 2
1608594157933 0.013405521400272846 2
1608594158042 0.054299741983413696 2
1608594158148 0.16911648213863373 2
1608594158259 0.09771007299423218 2
1608594158368 0.08337278664112091 2
1608594158482 0.04392871633172035 2
1608594158600 0.05033588036894798 2
1608594158709 0.009872070513665676 2
1608594158817 0.058787960559129715 2
1608594158932 0.013280737213790417 2
1608594159043 0.03091864474117756 2
1608594159154 0.13169309496879578 2
1608594159270 0.04922303929924965 2
1608594159378 0.05614669620990753 2
1608594159485 0.20024323463439941 2
1608594159599 0.05451041832566261 2
1608594159710 0.05923229455947876 2
1608594159818 0.12135468423366547 2
1608594159931 0.09788002073764801 2
1608594160051 0.012240399606525898 2
1608594160179 0.13375818729400635 2
1608594160301 0.026249345391988754 2
1608594160421 0.04850935935974121 2
1608594160546 0.06585834175348282 2
1608594160655 0.05223318934440613 2
1608594160762 0.04766672104597092 2
1608594160877 0.021557947620749474 2
1608594160985 0.1394813060760498 2
1608594161098 0.09166067093610764 2
1608594161220 0.06717678904533386 2
1608594161329 0.0028122456278651953 2
1608594161439 0.058835551142692566 2
1608594161555 0.004794689826667309 2
1608594161662 0.050798576325178146 2
1608594161769 0.014016478322446346 2
1608594161880 0.2021941989660263 2
1608594161986 0.01548308040946722 2
1608594162093 0.023387029767036438 2
1608594162204 0.04834121838212013 2
1608594162317 0.10965512692928314 2
1608594162429 0.014026517979800701 2
1608594162542 0.10229180008172989 2
1608594162698 0.03954112157225609 2
1608594163351 0.06312922388315201 2
1608594163509 0.06272915005683899 2
1608594163804 0.0062813106924295425 2
1608594163968 0.03927074372768402 2
1608594164119 0.06015392392873764 2
1608594165021 0.14337459206581116 2
1608594165196 0.01802128553390503 2
1608594165332 0.04679829254746437 2
1608594165494 0.020389964804053307 2
1608594165653 0.09009824693202972 2
1608594165785 0.03308626636862755 2
1608594165935 0.19660992920398712 2
1608594166053 0.012617688626050949 2
1608594166177 0.013197586871683598 2
1608594166304 0.034744758158922195 2
1608594166424 0.078912153840065 2
1608594166552 0.06803727149963379 2
1608594166670 0.1613154411315918 2
1608594166782 0.13902035355567932 2
1608594166902 0.07249685376882553 2
1608594167020 0.04948398098349571 2
1608594167141 0.09725869446992874 2
1608594167265 0.022170158103108406 2
1608594167391 0.029490837827324867 2
1608594167511 0.11383265256881714 2
1608594167625 0.04033912345767021 2
1608594167737 0.051819972693920135 2
1608594167873 0.09957028925418854 2
1608594167999 0.038251329213380814 2
1608594168132 0.033667247742414474 2
1608594168261 0.009237410500645638 2
1608594168375 0.1537349671125412 2
1608594168493 0.047038279473781586 2
1608594168620 0.014919595792889595 2
1608594168735 0.04174058511853218 2
1608594168855 0.03217576444149017 2
1608594168979 0.14476987719535828 2
1608594169101 0.04690146446228027 2
1608594169221 0.025751490145921707 2
1608594169337 0.036334410309791565 2
1608594169454 0.09222021698951721 2
1608594169571 0.09388922154903412 2
1608594169678 0.036643315106630325 2
1608594169786 0.007081169635057449 2
1608594169899 0.008009091950953007 2
1608594170009 0.07903703302145004 2
1608594170122 0.1117546483874321 2
1608594170240 0.17896640300750732 2
1608594170350 0.07309630513191223 2
1608594170456 0.16104656457901 2
1608594170573 0.02150593511760235 2
1608594170680 0.01920483633875847 2
1608594170787 0.0014463714323937893 2
1608594170899 0.010115789249539375 2
1608594171007 0.11686570197343826 2
1608594171117 0.02059876173734665 2
1608594171230 0.01866856776177883 2
1608594171338 0.005620282143354416 2
1608594171445 0.0121770603582263 2
1608594171556 0.07387509196996689 2
1608594171663 0.015332935377955437 2
1608594171777 0.004666291642934084 2
1608594171887 0.11037633568048477 2
1608594171995 0.041240010410547256 2
1608594172103 0.11460299044847488 2
1608594172216 0.0069633061066269875 2
1608594172333 0.1758991777896881 2
1608594172448 0.1321890652179718 2
1608594172562 0.08770208060741425 2
1608594172668 0.06079455092549324 2
1608594172776 0.0886530801653862 2
1608594172893 0.031522657722234726 2
1608594173000 0.10841360688209534 2
1608594173109 0.04777329042553902 2
1608594173218 0.01785994879901409 2
1608594173326 0.01652316190302372 2
1608594173438 0.027920151129364967 2
1608594173557 0.043297700583934784 2
1608594173664 0.113057442009449 2
1608594173774 0.12237189710140228 2
1608594173884 0.04537275433540344 2
1608594173992 0.12203875184059143 2
1608594174104 0.09289577603340149 2
1608594174217 0.031132038682699203 2
1608594174328 0.0041523706167936325 2
1608594174438 0.027455780655145645 2
1608594174557 0.016386734321713448 2
1608594174671 0.05185666307806969 2
1608594174780 0.05072437599301338 2
1608594174893 0.010025755502283573 2
1608594175004 0.004763077478855848 2
1608594175117 0.009371038526296616 2
1608594175232 0.10989680141210556 2
1608594175347 0.18904347717761993 2
1608594175457 0.06994962692260742 2
1608594175569 0.13866767287254333 2
1608594175695 0.025193560868501663 2
1608594175823 0.07861117273569107 2
1608594175945 0.01803428679704666 2
1608594176061 0.034584157168865204 2
1608594176182 0.08076974004507065 2
1608594176297 0.012327510863542557 2
1608594176414 0.014014070853590965 2
1608594176534 0.010655932128429413 2
1608594176642 0.030519766733050346 2
1608594176749 0.03345704823732376 2
1608594176861 0.21809543669223785 2
1608594176969 0.1502758264541626 2
1608594177076 0.03332139179110527 2
1608594177187 0.328736811876297 2
1608594177295 0.2376922369003296 2
1608594177405 0.14369644224643707 2
1608594177514 0.03767871856689453 2
1608594177626 0.12956984341144562 2
1608594177735 0.15155045688152313 2
1608594177846 0.010916388593614101 2
1608594177963 0.010546252131462097 2
1608594178094 0.11738813668489456 2
1608594178221 0.10352954268455505 2
1608594178330 0.1786355823278427 2
1608594178467 0.02210715413093567 2
1608594178580 0.011110891588032246 2
1608594178689 0.01870257593691349 2
1608594178808 0.050399865955114365 2
1608594178944 0.14333456754684448 2
1608594179065 0.0857774019241333 2
1608594179178 0.07885432243347168 2
1608594179288 0.07502647489309311 2
1608594179405 0.017520630732178688 2
1608594179526 0.034835703670978546 2
1608594179641 0.03611142188310623 2
1608594179756 0.060520272701978683 2
1608594179882 0.016128811985254288 2
1608594179995 0.05195976421236992 2
1608594180118 0.11816452443599701 2
1608594180251 0.010514841414988041 2
1608594180370 0.011401836760342121 2
1608594180484 0.07830165326595306 2
1608594180599 0.0735081285238266 2
1608594180715 0.021418197080492973 2
1608594180836 0.2066875547170639 2
1608594180959 0.16223609447479248 2
1608594181077 0.0715719610452652 2
1608594181195 0.11912883073091507 2
1608594181308 0.07358346879482269 2
1608594181417 0.01998181827366352 2
1608594181532 0.047397181391716 2
1608594181644 0.10333845019340515 2
1608594181752 0.015779057517647743 2
1608594181875 0.04869229719042778 2
1608594181988 0.10102683305740356 2
1608594182096 0.05644993111491203 2
1608594182207 0.021699396893382072 2
1608594182314 0.22530554234981537 2
1608594182421 0.03492850065231323 2
1608594182533 0.014575481414794922 2
1608594182640 0.02795194275677204 2
1608594182750 0.06312742084264755 2
1608594182861 0.16540192067623138 2
1608594182969 0.010518542490899563 2
1608594183081 0.020735640078783035 2
1608594183194 0.016825418919324875 2
1608594183302 0.04109399765729904 2
1608594183413 0.0466325581073761 2
1608594183539 0.07089798897504807 2
1608594183659 0.012268523685634136 2
1608594183772 0.014649746008217335 2
1608594183885 0.017594389617443085 2
1608594183996 0.004536711145192385 2
1608594184117 0.011515595950186253 2
1608594184243 0.026783214882016182 2
1608594184357 0.046673499047756195 2
1608594184464 0.14387087523937225 2
1608594184575 0.009137250483036041 2
1608594184682 0.05777338519692421 2
1608594184793 0.10742975771427155 2
1608594184963 0.020654449239373207 2
1608594185093 0.005621918477118015 2
1608594185220 0.02328180894255638 2
1608594185342 0.08659597486257553 2
1608594185507 0.1150195524096489 2
1608594185673 0.06142489239573479 2
1608594185892 0.09878072887659073 2
1608594186117 0.06593167781829834 2
1608594186390 0.11029265820980072 2
1608594186561 0.03371381387114525 2
1608594186721 0.020454125478863716 2
1608594186855 0.10223562270402908 2
1608594186987 0.05850639566779137 2
1608594187115 0.20818299055099487 2
1608594187236 0.07920656353235245 2
1608594187350 0.10137654840946198 2
1608594187470 0.019360119476914406 2
1608594187592 0.1565282642841339 2
1608594187753 0.08116155862808228 2
1608594187877 0.09557811170816422 2
1608594188008 0.06689155846834183 2
1608594188120 0.028574712574481964 2
1608594188238 0.12662272155284882 2
1608594188356 0.18709246814250946 2
1608594188505 0.08825478702783585 2
1608594188662 0.09585490822792053 2
1608594188773 0.06677865236997604 2
1608594188889 0.003333883360028267 2
1608594189024 0.05821763724088669 2
1608594189178 0.0580517053604126 2
1608594189311 0.16031964123249054 2
1608594189451 0.1005466878414154 2
1608594189589 0.03216556832194328 2
1608594189713 0.04210260882973671 2
1608594189821 0.06355327367782593 2
1608594189947 0.022967319935560226 2
1608594190062 0.02007402293384075 2
1608594190177 0.07800506800413132 2
1608594190326 0.1927901655435562 2
1608594190489 0.08353359997272491 2
1608594190642 0.09031256288290024 2
1608594190765 0.04000627249479294 2
1608594190888 0.07492168247699738 2
1608594191018 0.006526176352053881 2
1608594191126 0.023806456476449966 2
1608594191327 0.11769775301218033 2
1608594191528 0.03757376968860626 2
1608594191691 0.005315839778631926 2
1608594191873 0.059498075395822525 2
1608594192101 0.013709994032979012 2
1608594192298 0.08635305613279343 2
1608594192414 0.021785924211144447 2
1608594192528 0.008098136633634567 2
1608594192635 0.015085196122527122 2
1608594192742 0.035131990909576416 2
1608594192860 0.1760958433151245 2
1608594193015 0.023748939856886864 2
1608594193246 0.029973968863487244 2
1608594193372 0.024708323180675507 2
1608594193566 0.22150690853595734 2
1608594193800 0.13872836530208588 2
1608594194094 0.07148122787475586 2
1608594194383 0.18623638153076172 2
1608594194637 0.11602431535720825 2
1608594194829 0.03580423817038536 2
1608594194968 0.1126018688082695 2
1608594195112 0.03731071576476097 2
1608594195238 0.08387435972690582 2
1608594195346 0.15335501730442047 2
1608594195478 0.12230933457612991 2
1608594195731 0.039265479892492294 2
1608594195846 0.05850592255592346 2
1608594196039 0.2803410291671753 2
1608594196239 0.021495163440704346 2
1608594196503 0.2802009582519531 2
1608594196780 0.04467012733221054 2
1608594196958 0.07157392799854279 2
1608594197212 0.008253664709627628 2
1608594197553 0.18423953652381897 2
1608594197824 0.052049387246370316 2
1608594198038 0.030364608392119408 2
1608594198161 0.1526680290699005 2
1608594198282 0.10880284756422043 2
1608594198463 0.041494160890579224 2
1608594198669 0.03805544227361679 2
1608594198989 0.01944940909743309 2
1608594199194 0.027214784175157547 2
1608594199310 0.21528254449367523 2
1608594199477 0.01542093325406313 2
1608594199655 0.04424078390002251 2
1608594199822 0.0674673393368721 2
1608594200043 0.03976535052061081 2
1608594200247 0.02474113367497921 2
1608594200539 0.165690079331398 2
1608594200664 0.04172462970018387 2
1608594200850 0.02815883234143257 2
1608594201067 0.19213171303272247 2
1608594201182 0.16191092133522034 2
1608594201292 0.04744168743491173 2
1608594201414 0.04090041667222977 2
1608594201549 0.16069769859313965 2
1608594201656 0.031507473438978195 2
1608594201764 0.1749076545238495 2
1608594201877 0.052988044917583466 2
1608594201993 0.035922691226005554 2
1608594202100 0.02920527569949627 2
1608594202211 0.049086105078458786 2
1608594202318 0.13586170971393585 2
1608594202436 0.05583418160676956 2
1608594202553 0.1108769029378891 2
1608594202704 0.0611782930791378 2
1608594202812 0.022911930456757545 2
1608594202930 0.14818888902664185 2
1608594203037 0.04845389351248741 2
1608594203143 0.020489118993282318 2
1608594203256 0.08452983945608139 2
1608594203362 0.008830808103084564 2
1608594203473 0.3760237991809845 2
1608594203584 0.08083391189575195 2
1608594203697 0.06370774656534195 2
1608594203855 0.07163643091917038 2
1608594203968 0.0499580092728138 2
1608594204074 0.062191639095544815 2
1608594204187 0.02182006649672985 2
1608594204295 0.004946586675941944 2
1608594204407 0.010984481312334538 2
1608594204521 0.04150434955954552 2
1608594204630 0.041098568588495255 2
1608594204741 0.009286395274102688 2
1608594204869 0.08246354758739471 2
1608594205030 0.1961524486541748 2
1608594205139 0.033618271350860596 2
1608594205252 0.12752816081047058 2
1608594205376 0.1350792944431305 2
1608594205491 0.06323812901973724 2
1608594205603 0.03787429258227348 2
1608594205713 0.02695518732070923 2
1608594205831 0.07594245672225952 2
1608594205950 0.018450193107128143 2
1608594206104 0.06458587944507599 2
1608594206234 0.10926572233438492 2
1608594206344 0.011468341574072838 2
1608594206460 0.12530680000782013 2
1608594206575 0.037661269307136536 2
1608594206683 0.012489283457398415 2
1608594206791 0.23430384695529938 2
1608594206913 0.0065515791065990925 2
1608594207021 0.04777338355779648 2
1608594207130 0.03168956935405731 2
1608594207281 0.04379282519221306 2
1608594207426 0.016503602266311646 2
1608594207537 0.03400019183754921 2
1608594207647 0.0164042878895998 2
1608594207755 0.047321632504463196 2
1608594207867 0.08785465359687805 2
1608594207982 0.011325987987220287 2
1608594208109 0.07253153622150421 2
1608594208225 0.07249490916728973 2
1608594208337 0.03795504942536354 2
1608594208503 0.0832933709025383 2
1608594208630 0.014010617509484291 2
1608594208739 0.009941012598574162 2
1608594208851 0.09619710594415665 2
1608594208967 0.12371759861707687 2
1608594209075 0.09135568141937256 2
1608594209188 0.07194028794765472 2
1608594209296 0.06968075037002563 2
1608594209412 0.17058062553405762 2
1608594209525 0.03697599843144417 2
1608594209678 0.11947891861200333 2
1608594209808 0.02115580067038536 2
1608594209924 0.03190943971276283 2
1608594210034 0.1389516144990921 2
1608594210144 0.025941645726561546 2
1608594210256 0.1799992173910141 2
1608594210366 0.025336703285574913 2
1608594210483 0.10999680310487747 2
1608594210595 0.0727844312787056 2
1608594210705 0.043046481907367706 2
1608594210833 0.1399034559726715 2
1608594210991 0.09832122176885605 2
1608594211097 0.08826948702335358 2
1608594211210 0.09588860720396042 2
1608594211319 0.15668885409832 2
1608594211430 0.08417972922325134 2
1608594211539 0.07645654678344727 2
1608594211645 0.021694770082831383 2
1608594211751 0.18382738530635834 2
1608594211862 0.01543148048222065 2
1608594211993 0.04590519890189171 2
1608594212128 0.10905703902244568 2
1608594212241 0.05407818779349327 2
1608594212347 0.024081848561763763 2
1608594212461 0.07508523017168045 2
1608594212572 0.004961004480719566 2
1608594212679 0.01566258631646633 2
1608594212786 0.18034566938877106 2
1608594212904 0.035067711025476456 2
1608594213014 0.037183113396167755 2
1608594213129 0.014180070720613003 2
1608594213308 0.05916323885321617 2
1608594213425 0.0781949982047081 2
1608594213538 0.09272975474596024 2
1608594213645 0.0846240296959877 2
1608594213752 0.018686853349208832 2
1608594213862 0.07835417985916138 2
1608594213976 0.09777390211820602 2
1608594214085 0.004955679643899202 2
1608594214195 0.015880899503827095 2
1608594214320 0.0650218278169632 2
1608594214454 0.010099228471517563 2
1608594214568 0.05633998289704323 2
1608594214675 0.07851766794919968 2
1608594214782 0.008166144602000713 2
1608594214896 0.012287821620702744 2
1608594215007 0.004484060686081648 2
1608594215141 0.0045735822059214115 2
1608594215293 0.05123617872595787 2
1608594215405 0.2765401005744934 2
1608594215579 0.048798900097608566 2
1608594215696 0.026269780471920967 2
1608594215807 0.03509792685508728 2
1608594215920 0.041128333657979965 2
1608594216119 0.16701918840408325 2
1608594216321 0.042811326682567596 2
1608594216430 0.0533113107085228 2
1608594216549 0.11909876763820648 2
1608594216667 0.0516820028424263 2
1608594216810 0.04821233078837395 2
1608594216925 0.040512990206480026 2
1608594217036 0.15808232128620148 2
1608594217147 0.034565966576337814 2
1608594217276 0.027380645275115967 2
1608594217428 0.05571526661515236 2
1608594217559 0.10408530384302139 2
1608594217676 0.07412496209144592 2
1608594217793 0.03624873235821724 2
1608594217975 0.06152227893471718 2
1608594218152 0.18150410056114197 2
1608594218359 0.010559257119894028 2
1608594218488 0.13863834738731384 2
1608594218603 0.08095869421958923 2
1608594218710 0.022165197879076004 2
1608594218817 0.12712638080120087 2
1608594218929 0.010949582792818546 2
1608594219039 0.01403113454580307 2
1608594219165 0.054909609258174896 2
1608594219291 0.03238651528954506 2
1608594219425 0.16839750111103058 2
1608594219547 0.008745555765926838 2
1608594219661 0.010675637982785702 2
1608594219777 0.02828117273747921 2
1608594219902 0.1322992444038391 2
1608594220017 0.06461729854345322 2
1608594220138 0.04744113236665726 2
1608594220263 0.13829264044761658 2
1608594220376 0.19885699450969696 2
1608594220499 0.059006012976169586 2
1608594220621 0.06135903671383858 2
1608594220740 0.07292880117893219 2
1608594220865 0.011043737642467022 2
1608594220986 0.29768216609954834 2
1608594221109 0.025772593915462494 2
1608594221291 0.08936455845832825 2
1608594221495 0.13971452414989471 2
1608594221663 0.026019316166639328 2
1608594221788 0.04489200934767723 2
1608594221941 0.08837500959634781 2
1608594222065 0.025606505572795868 2
1608594222196 0.026410100981593132 2
1608594222314 0.012029682286083698 2
1608594222436 0.007776170503348112 2
1608594222568 0.1380724012851715 2
1608594222686 0.07093799859285355 2
1608594222801 0.03781333193182945 2
1608594222912 0.026599951088428497 2
1608594223020 0.005994169972836971 2
1608594223132 0.04521440714597702 2
1608594223245 0.03228113800287247 2
1608594223358 0.005999142769724131 2
1608594223468 0.0075539699755609035 2
1608594223581 0.0028865598142147064 2
1608594223691 0.04477226734161377 2
1608594223801 0.20235177874565125 2
1608594223915 0.12470824271440506 2
1608594224023 0.10270488262176514 2
1608594224133 0.2407415211200714 2
1608594224245 0.03716588392853737 2
1608594224355 0.007645167410373688 2
1608594224463 0.012349285185337067 2
1608594224581 0.015036141499876976 2
1608594224689 0.1973530352115631 2
1608594224796 0.19931046664714813 2
1608594224909 0.02217017114162445 2
1608594225017 0.024214312434196472 2
1608594225126 0.05704957991838455 2
1608594225239 0.006808351259678602 2
1608594225349 0.26630592346191406 2
1608594225457 0.04014688730239868 2
1608594225571 0.02229561284184456 2
1608594225683 0.03294586390256882 2
1608594225795 0.011833127588033676 2
1608594225908 0.1374388486146927 2
1608594226016 0.011744323186576366 2
1608594226123 0.08922616392374039 2
1608594226240 0.2032061517238617 2
1608594226354 0.015683889389038086 2
1608594226464 0.052427299320697784 2
1608594226576 0.0953533723950386 2
1608594226682 0.03157855570316315 2
1608594226793 0.02831743285059929 2
1608594226904 0.04506351798772812 2
1608594227011 0.1375492364168167 2
1608594227119 0.07094604521989822 2
1608594227230 0.07016623765230179 2
1608594227338 0.0012401877902448177 2
1608594227447 0.004402459599077702 2
1608594227559 0.08345778286457062 2
1608594227666 0.12546639144420624 2
1608594227773 0.05069083720445633 2
1608594227889 0.062245067209005356 2
1608594227997 0.053662996739149094 2
1608594228106 0.04790230467915535 2
1608594228217 0.07085690647363663 2
1608594228326 0.0339641347527504 2
1608594228436 0.031785640865564346 2
1608594228552 0.13341829180717468 2
1608594228659 0.0049725305289030075 2
1608594228766 0.019595256075263023 2
1608594228877 0.13293428719043732 2
1608594228987 0.03726798668503761 2
1608594229099 0.02520027384161949 2
1608594229232 0.19349266588687897 2
1608594229370 0.04732973128557205 2
1608594229487 0.02446664310991764 2
1608594229609 0.04618366062641144 2
1608594229730 0.019749728962779045 2
1608594229915 0.0067770094610750675 2
1608594230088 0.0061769867315888405 2
1608594230321 0.1817064881324768 2
1608594230715 0.019605586305260658 2
1608594231079 0.12549324333667755 2
1608594231327 0.047258611768484116 2
1608594231530 0.2009885162115097 2
1608594231762 0.09981334954500198 2
1608594231953 0.2713494896888733 2
1608594232065 0.03987470641732216 2
1608594232186 0.07261819392442703 2
1608594232309 0.13186660408973694 2
1608594232425 0.10009574145078659 2
1608594232626 0.005549797788262367 2
1608594232738 0.006568808574229479 2
1608594232867 0.05395759642124176 2
1608594232975 0.0236869677901268 2
1608594233083 0.02937197871506214 2
1608594233196 0.005755913443863392 2
1608594233303 0.10963951051235199 2
1608594233499 0.040524765849113464 2
1608594233704 0.18860167264938354 2
1608594233811 0.0987870991230011 2
1608594233931 0.04147141054272652 2
1608594234040 0.01956857554614544 2
1608594234147 0.07648560404777527 2
1608594234259 0.06398370862007141 2
1608594234371 0.013617978431284428 2
1608594234477 0.11362409591674805 2
1608594234594 0.047700732946395874 2
1608594234702 0.020722726359963417 2
1608594234809 0.0628962516784668 2
1608594234931 0.11346366256475449 2
1608594235088 0.06845086067914963 2
1608594235197 0.011987551115453243 2
1608594235305 0.021426238119602203 2
1608594235416 0.11461881548166275 2
1608594235533 0.042057521641254425 2
1608594235644 0.09063948690891266 2
1608594235751 0.1140485405921936 2
1608594235867 0.01201373990625143 2
1608594235975 0.021328069269657135 2
1608594236115 0.0013547205599024892 2
1608594236262 0.007658770773559809 2
1608594236372 0.0275882538408041 2
1608594236481 0.06811358034610748 2
1608594236600 0.028472797945141792 2
1608594236760 0.0046906257048249245 2
1608594236899 0.16968299448490143 2
1608594237017 0.0997219979763031 2
1608594237149 0.015618067234754562 2
1608594237337 0.08759178221225739 2
1608594237537 0.08353684842586517 2
1608594237715 0.05133257806301117 2
1608594237846 0.11293641477823257 2
1608594237990 0.0069819665513932705 2
1608594238128 0.06845584511756897 2
1608594238244 0.008937203325331211 2
1608594238357 0.0881289392709732 2
1608594238476 0.025734957307577133 2
1608594238613 0.024476880207657814 2
1608594238766 0.027977121993899345 2
1608594238906 0.07793957740068436 2
1608594239031 0.03248017653822899 2
1608594239148 0.06068837642669678 2
1608594239285 0.19210289418697357 2
1608594239405 0.012645158916711807 2
1608594239524 0.0024609724059700966 2
1608594239638 0.07498285919427872 2
1608594239758 0.17403991520404816 2
1608594239881 0.01589934155344963 2
1608594239992 0.07199106365442276 2
1608594240123 0.06253975629806519 2
1608594240260 0.0021423452999442816 2
1608594240375 0.004815380088984966 2
1608594240512 0.11066009104251862 2
1608594240652 0.061463307589292526 2
1608594240769 0.04996539279818535 2
1608594240884 0.01794358901679516 2
1608594240996 0.08724465221166611 2
1608594241114 0.004002219531685114 2
1608594241247 0.0528116375207901 2
1608594241361 0.0365743562579155 2
1608594241473 0.1941063553094864 2
1608594241591 0.012754756957292557 2
1608594241717 0.007129937410354614 2
1608594241855 0.030081067234277725 2
1608594241996 0.006068529561161995 2
1608594242121 0.062172144651412964 2
1608594242267 0.0021151851397007704 2
1608594242424 0.004795767366886139 2
1608594242599 0.029461119323968887 2
1608594242712 0.03551419451832771 2
1608594242825 0.028966397047042847 2
1608594242940 0.04880516976118088 2
1608594243052 0.0018065107287839055 2
1608594243174 0.003436670871451497 2
1608594243312 0.009817910380661488 2
1608594243424 0.0007277021650224924 2
1608594243537 0.01062521617859602 2
1608594243663 0.04829178750514984 2
1608594243788 0.011519751511514187 2
1608594243930 0.0001595140201970935 2
1608594244058 0.0013490283163264394 2
1608594244185 0.0004980700323358178 2
1608594244307 0.00146525411400944 2
1608594244426 0.006023001857101917 2
1608594244551 0.09508423507213593 2
1608594244668 0.03614158555865288 2
1608594244781 0.058941710740327835 2
1608594244907 0.0029551228508353233 2
1608594245023 0.002945713698863983 2
1608594245144 0.006305081769824028 2
1608594245269 0.21802616119384766 2
1608594245383 0.3516041934490204 2
1608594245505 0.015408811159431934 2
1608594245628 0.0005574385286308825 2
1608594245742 0.2552850842475891 2
1608594245809 0.0033519186545163393 2
