1608582493314 2.3054006099700928 1
1608582493461 2.377336025238037 1
1608582493592 2.432109832763672 1
1608582493721 2.160216808319092 1
1608582493826 1.8238850831985474 1
1608582493946 1.8504832983016968 1
1608582494084 1.7076609134674072 1
1608582494214 1.515904188156128 1
1608582494346 1.2966653108596802 1
1608582494487 1.6884665489196777 1
1608582494613 1.3597761392593384 1
1608582494744 1.2546613216400146 1
1608582494876 1.177436113357544 1
1608582495019 1.2450244426727295 1
1608582495148 1.049556851387024 1
1608582495258 0.8993903994560242 1
1608582495365 1.0995210409164429 1
1608582495475 1.0496189594268799 1
1608582495599 0.7653358578681946 1
1608582495732 0.8831831812858582 1
1608582495901 0.8428845405578613 1
1608582496037 0.9918550252914429 1
1608582496170 0.8523795008659363 1
1608582496291 0.5529791712760925 1
1608582496413 0.5577016472816467 1
1608582496527 0.3528273105621338 1
1608582496655 0.31260499358177185 1
1608582496787 0.3868005573749542 1
1608582496911 0.5806180834770203 1
1608582497019 0.636213481426239 1
1608582497128 0.5870473980903625 1
1608582497248 0.45032694935798645 1
1608582497376 0.4257398247718811 1
1608582497499 0.28448811173439026 1
1608582497622 0.3118765950202942 1
1608582497752 0.3383429944515228 1
1608582497877 0.49310171604156494 1
1608582498041 0.5996603965759277 1
1608582498157 0.45904219150543213 1
1608582498277 0.19111871719360352 1
1608582498430 0.3686783015727997 1
1608582498610 0.5808104872703552 1
1608582498743 0.5933241248130798 1
1608582498860 0.3409908711910248 1
1608582498983 0.23888204991817474 1
1608582499102 0.3415476977825165 1
1608582499225 0.3061037063598633 1
1608582499375 0.6044713258743286 1
1608582499583 0.38797080516815186 1
1608582499752 0.29481688141822815 1
1608582499866 0.4681107699871063 1
1608582499996 0.3322713375091553 1
1608582500119 0.32807379961013794 1
1608582500224 0.43983957171440125 1
1608582500326 0.31089457869529724 1
1608582500432 0.3506675362586975 1
1608582500550 0.17124836146831512 1
1608582500668 0.3248654305934906 1
1608582500789 0.4926817715167999 1
1608582500916 0.2874089181423187 1
1608582501044 0.2643347382545471 1
1608582501168 0.1273510903120041 1
1608582501291 0.3448675870895386 1
1608582501410 0.29484471678733826 1
1608582501530 0.37717026472091675 1
1608582501652 0.3006758391857147 1
1608582501770 0.22256825864315033 1
1608582501869 0.29503005743026733 1
1608582501971 0.3108235001564026 1
1608582502080 0.29323261976242065 1
1608582502188 0.2882640063762665 1
1608582502302 0.24286490678787231 1
1608582502416 0.2802867293357849 1
1608582502552 0.2617369592189789 1
1608582502671 0.465386301279068 1
1608582502790 0.3240519165992737 1
1608582502912 0.2132495790719986 1
1608582503034 0.45180195569992065 1
1608582503153 0.20741628110408783 1
1608582503275 0.21513450145721436 1
1608582503395 0.5798781514167786 1
1608582503515 0.3280036151409149 1
1608582503628 0.28208649158477783 1
1608582503735 0.25454607605934143 1
1608582503845 0.13084512948989868 1
1608582503966 0.17776727676391602 1
1608582504081 0.44209522008895874 1
1608582504204 0.23142893612384796 1
1608582504325 0.23886774480342865 1
1608582504453 0.40883108973503113 1
1608582504590 0.22597134113311768 1
1608582504714 0.24028800427913666 1
1608582504878 0.2690432667732239 1
1608582505003 0.21441033482551575 1
1608582505125 0.15317414700984955 1
1608582505228 0.2014874964952469 1
1608582505330 0.11635644733905792 1
1608582505434 0.2788224518299103 1
1608582505548 0.25795555114746094 1
1608582505665 0.2841470539569855 1
1608582505782 0.23543530702590942 1
1608582505969 0.42265745997428894 1
1608582506100 0.16193515062332153 1
1608582506212 0.1372496336698532 1
1608582506324 0.2624244689941406 1
1608582506430 0.18933025002479553 1
1608582506544 0.28952887654304504 1
1608582506654 0.40687060356140137 1
1608582506764 0.33186203241348267 1
1608582506878 0.3910849988460541 1
1608582506989 0.33419331908226013 1
1608582507135 0.28792768716812134 1
1608582507251 0.3150280714035034 1
1608582507359 0.3730228841304779 1
1608582507459 0.22008930146694183 1
1608582507566 0.1463042050600052 1
1608582507669 0.12343697249889374 1
1608582507775 0.2201572060585022 1
1608582507879 0.13339373469352722 1
1608582507984 0.27218374609947205 1
1608582508092 0.20537693798542023 1
1608582508203 0.2811945676803589 1
1608582508385 0.20801907777786255 1
1608582508526 0.2728426158428192 1
1608582508683 0.28961896896362305 1
1608582508817 0.18063156306743622 1
1608582508940 0.3129711151123047 1
1608582509052 0.1160203069448471 1
1608582509173 0.4753921627998352 1
1608582509285 0.36752283573150635 1
1608582509411 0.22412905097007751 1
1608582509531 0.15777333080768585 1
1608582509645 0.49781420826911926 1
1608582509756 0.09048231691122055 1
1608582509870 0.20145171880722046 1
1608582509994 0.49380794167518616 1
1608582510117 0.552547812461853 1
1608582510242 0.3368184566497803 1
1608582510358 0.3389643132686615 1
1608582510473 0.3744600713253021 1
1608582510596 0.26877710223197937 1
1608582510753 0.07756748050451279 1
1608582510882 0.38683825731277466 1
1608582510996 0.14751361310482025 1
1608582511114 0.31230616569519043 1
1608582511219 0.21854758262634277 1
1608582511331 0.3673386573791504 1
1608582511452 0.30607888102531433 1
1608582511574 0.31716543436050415 1
1608582511704 0.19973322749137878 1
1608582511830 0.11061564087867737 1
1608582511958 0.06291833519935608 1
1608582512071 0.261810302734375 1
1608582512185 0.08191459625959396 1
1608582512302 0.06461888551712036 1
1608582512436 0.08081189543008804 1
1608582512649 0.21891635656356812 1
1608582512813 0.27234145998954773 1
1608582513032 0.24771873652935028 1
1608582513241 0.28484290838241577 1
1608582513453 0.2591628432273865 1
1608582513751 0.14022666215896606 1
1608582514031 0.04610263928771019 1
1608582514201 0.07460574805736542 1
1608582514380 0.029460271820425987 1
1608582514684 0.0448465496301651 1
1608582514989 0.050007425248622894 1
1608582515200 0.14925003051757812 1
1608582515360 0.1314225196838379 1
1608582515493 0.1851664036512375 1
1608582515658 0.09080974757671356 1
1608582515835 0.20391184091567993 1
1608582516007 0.17417004704475403 1
1608582516121 0.1649273782968521 1
1608582516229 0.17091743648052216 1
1608582516344 0.24904893338680267 1
1608582516454 0.18140432238578796 1
1608582516577 0.18762734532356262 1
1608582516699 0.1402781456708908 1
1608582516834 0.14667193591594696 1
1608582516963 0.45031431317329407 1
1608582517099 0.3792555630207062 1
1608582517213 0.37574082612991333 1
1608582517348 0.26003724336624146 1
1608582517467 0.140894815325737 1
1608582517585 0.22968493402004242 1
1608582517697 0.16486284136772156 1
1608582517805 0.19878144562244415 1
1608582517908 0.38166332244873047 1
1608582518047 0.12997610867023468 1
1608582518174 0.27160343527793884 1
1608582518340 0.24771705269813538 1
1608582518491 0.2050425261259079 1
1608582518686 0.2607087194919586 1
1608582518831 0.11076846718788147 1
1608582518964 0.24432025849819183 1
1608582519087 0.38669025897979736 1
1608582519211 0.4448484182357788 1
1608582519324 0.13673369586467743 1
1608582519451 0.15834419429302216 1
1608582519584 0.2537100911140442 1
1608582519691 0.1358407884836197 1
1608582519796 0.20704446732997894 1
1608582519915 0.26836830377578735 1
1608582520030 0.24125418066978455 1
1608582520158 0.24947325885295868 1
1608582520277 0.15477360785007477 1
1608582520395 0.1784629225730896 1
1608582520514 0.13547144830226898 1
1608582520638 0.2368602752685547 1
1608582520755 0.2108496129512787 1
1608582520897 0.1861995905637741 1
1608582521049 0.03458709269762039 1
1608582521158 0.14754532277584076 1
1608582521259 0.31938230991363525 1
1608582521359 0.08853457123041153 1
1608582521460 0.14663930237293243 1
1608582521565 0.2747543752193451 1
1608582521689 0.4240829348564148 1
1608582521805 0.19529113173484802 1
1608582521928 0.12465250492095947 1
1608582522071 0.1977842003107071 1
1608582522240 0.17402377724647522 1
1608582522379 0.260483980178833 1
1608582522517 0.3149704337120056 1
1608582522651 0.10975459218025208 1
1608582522774 0.11326056718826294 1
1608582522889 0.29801008105278015 1
1608582522991 0.19889140129089355 1
1608582523092 0.1350308507680893 1
1608582523212 0.38332733511924744 1
1608582523352 0.21395444869995117 1
1608582523470 0.11739583313465118 1
1608582523590 0.13683979213237762 1
1608582523710 0.020253628492355347 1
1608582523831 0.08623646199703217 1
1608582523963 0.3896024227142334 1
1608582524085 0.1436445116996765 1
1608582524208 0.1263282746076584 1
1608582524331 0.0882592722773552 1
1608582524471 0.1326095014810562 1
1608582524636 0.2667931020259857 1
1608582524759 0.16480949521064758 1
1608582524875 0.0903330147266388 1
1608582524991 0.07175785303115845 1
1608582525110 0.10825242102146149 1
1608582525234 0.09617017954587936 1
1608582525356 0.2681320905685425 1
1608582525475 0.11541526764631271 1
1608582525600 0.3366495370864868 1
1608582525732 0.11478482931852341 1
1608582525885 0.07295051217079163 1
1608582526011 0.16505300998687744 1
1608582526138 0.05025206506252289 1
1608582526261 0.08922404795885086 1
1608582526368 0.09886384755373001 1
1608582526474 0.17993569374084473 1
1608582526578 0.11000511050224304 1
1608582526690 0.1496058702468872 1
1608582526800 0.16451813280582428 1
1608582526910 0.16838973760604858 1
1608582527056 0.2698434591293335 1
1608582527205 0.10358987003564835 1
1608582527322 0.07969052344560623 1
1608582527440 0.17675451934337616 1
1608582527563 0.1584913283586502 1
1608582527703 0.1093035414814949 1
1608582527828 0.12305166572332382 1
1608582527959 0.040046729147434235 1
1608582528069 0.13173790276050568 1
1608582528195 0.08378174155950546 1
1608582528333 0.10803808271884918 1
1608582528467 0.07515808194875717 1
1608582528603 0.12353058159351349 1
1608582528739 0.20749858021736145 1
1608582528875 0.16645735502243042 1
1608582529015 0.10760073363780975 1
1608582529176 0.40009474754333496 1
1608582529321 0.22565636038780212 1
1608582529473 0.179740309715271 1
1608582529647 0.1980016529560089 1
1608582529751 0.11458928883075714 1
1608582529854 0.24371911585330963 1
1608582529963 0.16837665438652039 1
1608582530074 0.057792432606220245 1
1608582530230 0.13775032758712769 1
1608582530356 0.22753901779651642 1
1608582530480 0.10219644755125046 1
1608582530602 0.12864884734153748 1
1608582530732 0.04109589383006096 1
1608582530854 0.17314094305038452 1
1608582531031 0.06474599242210388 1
1608582531196 0.1305144876241684 1
1608582531338 0.13071824610233307 1
1608582531474 0.05531863868236542 1
1608582531596 0.03361628204584122 1
1608582531750 0.042378950864076614 1
1608582531912 0.0529700331389904 1
1608582532052 0.3353274166584015 1
1608582532216 0.19518987834453583 1
1608582532354 0.28713706135749817 1
1608582532476 0.09527852386236191 1
1608582532586 0.319782018661499 1
1608582532706 0.07018101215362549 1
1608582532845 0.20466922223567963 1
1608582533070 0.1821325272321701 1
1608582533288 0.06638608127832413 1
1608582533451 0.0382937416434288 1
1608582533655 0.00797965470701456 1
1608582533857 0.1697949469089508 1
1608582534071 0.06781797856092453 1
1608582534227 0.031029995530843735 1
1608582534429 0.2044345736503601 1
1608582534620 0.21945296227931976 1
1608582534785 0.08625823259353638 1
1608582534967 0.24663981795310974 1
1608582535114 0.10032228380441666 1
1608582535236 0.3103969991207123 1
1608582535364 0.1773538440465927 1
1608582535530 0.11611128598451614 1
1608582535655 0.04094478115439415 1
1608582535777 0.1669793576002121 1
1608582535924 0.2787564992904663 1
1608582536075 0.1721946746110916 1
1608582536239 0.2536199390888214 1
1608582536382 0.1091320812702179 1
1608582536531 0.33614519238471985 1
1608582536702 0.3219614326953888 1
1608582536879 0.09973292052745819 1
1608582537091 0.1542724221944809 1
1608582537246 0.23707719147205353 1
1608582537396 0.06885408610105515 1
1608582537544 0.10174459964036942 1
1608582537663 0.06679806113243103 1
1608582537806 0.11249569803476334 1
1608582537954 0.07332836091518402 1
1608582538108 0.04348733276128769 1
1608582538230 0.18818558752536774 1
1608582538346 0.06555444747209549 1
1608582538460 0.027791932225227356 1
1608582538615 0.012166101485490799 1
1608582538769 0.04888274893164635 1
1608582538918 0.3164185881614685 1
1608582539075 0.115135058760643 1
1608582539248 0.04447440803050995 1
1608582539375 0.22738535702228546 1
1608582539498 0.17174780368804932 1
1608582539616 0.20043553411960602 1
1608582539719 0.1987912654876709 1
1608582539845 0.024134336039423943 1
1608582540007 0.0734635591506958 1
1608582540126 0.2946602702140808 1
1608582540228 0.2261934131383896 1
1608582540372 0.22190755605697632 1
1608582540601 0.1037067323923111 1
1608582540807 0.29406726360321045 1
1608582541010 0.09831014275550842 1
1608582541209 0.03299110382795334 1
1608582541395 0.023883648216724396 1
1608582541547 0.05014641210436821 1
1608582541725 0.24444884061813354 1
1608582541866 0.13028071820735931 1
1608582541989 0.11300887167453766 1
1608582542154 0.02820848487317562 1
1608582542355 0.08500221371650696 1
1608582542573 0.09433325380086899 1
1608582542805 0.08527903258800507 1
1608582543046 0.02356276661157608 1
1608582543295 0.17528848350048065 1
1608582543573 0.05383371189236641 1
1608582543930 0.10131575912237167 1
1608582544458 0.13603173196315765 1
1608582544964 0.19281917810440063 1
1608582545298 0.2036333978176117 1
1608582545516 0.11468268930912018 1
1608582545711 0.192312091588974 1
1608582545915 0.03252290189266205 1
1608582546128 0.08707080036401749 1
1608582546323 0.06719530373811722 1
1608582546462 0.08484868705272675 1
1608582546582 0.014487586915493011 1
1608582546704 0.07609093189239502 1
1608582546810 0.1045142188668251 1
1608582546911 0.08352679014205933 1
1608582547019 0.21772518754005432 1
1608582547131 0.1967640221118927 1
1608582547240 0.1747223138809204 1
1608582547357 0.23733019828796387 1
1608582547470 0.07457084953784943 1
1608582547594 0.0665416345000267 1
1608582547712 0.12488679587841034 1
1608582547842 0.07038741558790207 1
1608582548029 0.026308279484510422 1
1608582548163 0.08928454667329788 1
1608582548322 0.1972191333770752 1
1608582548479 0.3119180500507355 1
1608582548629 0.066987544298172 1
1608582548776 0.02134762331843376 1
1608582548906 0.23056964576244354 1
1608582549079 0.2756316363811493 1
1608582549210 0.07007607072591782 1
1608582549338 0.12171542644500732 1
1608582549462 0.1640467792749405 1
1608582549636 0.3109443187713623 1
1608582549810 0.10245108604431152 1
1608582549967 0.10067318379878998 1
1608582550173 0.10547728836536407 1
1608582550422 0.13959072530269623 1
1608582550607 0.08818993717432022 1
1608582550748 0.0616174153983593 1
1608582550871 0.07524456083774567 1
1608582550985 0.10660623013973236 1
1608582551108 0.18088015913963318 1
1608582551228 0.12365087121725082 1
1608582551349 0.0752558559179306 1
1608582551492 0.17654666304588318 1
1608582551638 0.376030296087265 1
1608582551766 0.22480501234531403 1
1608582551885 0.08295445889234543 1
1608582552019 0.11986487358808517 1
1608582552184 0.3106941878795624 1
1608582552328 0.04536346718668938 1
1608582552439 0.16688521206378937 1
1608582552555 0.16801327466964722 1
1608582552682 0.24975435435771942 1
1608582552795 0.2522469460964203 1
1608582552912 0.13716989755630493 1
1608582553019 0.05092433840036392 1
1608582553144 0.07292947918176651 1
1608582553262 0.21806390583515167 1
1608582553380 0.2602927088737488 1
1608582553524 0.20718435943126678 1
1608582553665 0.1572907269001007 1
1608582553784 0.058633774518966675 1
1608582553908 0.1638631373643875 1
1608582554024 0.0916416123509407 1
1608582554135 0.053148746490478516 1
1608582554269 0.03878198564052582 1
1608582554411 0.0361260287463665 1
1608582554531 0.2605245113372803 1
1608582554708 0.09853529185056686 1
1608582554891 0.06572785973548889 1
1608582555138 0.026983890682458878 1
1608582555328 0.42145323753356934 1
1608582555482 0.15845699608325958 1
1608582555675 0.06345155835151672 1
1608582555823 0.08681534975767136 1
1608582555933 0.33273062109947205 1
1608582556088 0.09405114501714706 1
1608582556234 0.09246905893087387 1
1608582556357 0.14836496114730835 1
1608582556476 0.026965901255607605 1
1608582556611 0.10542977601289749 1
1608582556765 0.13428261876106262 1
1608582556892 0.12474863976240158 1
1608582557020 0.18132136762142181 1
1608582557150 0.16901487112045288 1
1608582557273 0.049108486622571945 1
1608582557391 0.07749592512845993 1
1608582557512 0.26120200753211975 1
1608582557691 0.04900379851460457 1
1608582557855 0.07129082828760147 1
1608582558056 0.10729977488517761 1
1608582558237 0.1007167249917984 1
1608582558580 0.19119670987129211 1
1608582558809 0.048592936247587204 1
1608582559038 0.17091302573680878 1
1608582559293 0.1509810984134674 1
1608582559477 0.28071409463882446 1
1608582559684 0.15232720971107483 1
1608582559904 0.17953231930732727 1
1608582560070 0.09521506726741791 1
1608582560252 0.07193545252084732 1
1608582560421 0.034533701837062836 1
1608582560606 0.07329165190458298 1
1608582560743 0.044173967093229294 1
1608582560874 0.2145095020532608 1
1608582561059 0.26838526129722595 1
1608582561286 0.18105043470859528 1
1608582561540 0.045753709971904755 1
1608582561762 0.05615491420030594 1
1608582562010 0.1947014033794403 1
1608582562239 0.10208998620510101 1
1608582562435 0.056152716279029846 1
1608582562622 0.12816648185253143 1
1608582562796 0.10698432475328445 1
1608582562933 0.12921571731567383 1
1608582563088 0.18335410952568054 1
1608582563218 0.12785036861896515 1
1608582563337 0.11826851218938828 1
1608582563460 0.10636977851390839 1
1608582563582 0.08671901375055313 1
1608582563692 0.11454425752162933 1
1608582563795 0.12675100564956665 1
1608582563912 0.20125947892665863 1
1608582564019 0.23369108140468597 1
1608582564133 0.19357356429100037 1
1608582564246 0.12800651788711548 1
1608582564361 0.045023880898952484 1
1608582564477 0.14017720520496368 1
1608582564599 0.20776508748531342 1
1608582564718 0.15102353692054749 1
1608582564844 0.0829501524567604 1
1608582564992 0.06730932742357254 1
1608582565114 0.1819162517786026 1
1608582565244 0.31571561098098755 1
1608582565373 0.11265743523836136 1
1608582565499 0.20708110928535461 1
1608582565637 0.16203752160072327 1
1608582565754 0.02381785400211811 1
1608582565864 0.10783781111240387 1
1608582565998 0.09457346796989441 1
1608582566115 0.2667258381843567 1
1608582566235 0.29801085591316223 1
1608582566393 0.04496539384126663 1
1608582566649 0.01837746798992157 1
1608582566902 0.2692562937736511 1
1608582567084 0.13004401326179504 1
1608582567252 0.03856922313570976 1
1608582567393 0.12790895998477936 1
1608582567535 0.05971219390630722 1
1608582567685 0.1548262983560562 1
1608582567837 0.09145691245794296 1
1608582567966 0.0768541544675827 1
1608582568103 0.120699442923069 1
1608582568228 0.021715326234698296 1
1608582568358 0.1119961068034172 1
1608582568482 0.09718813002109528 1
1608582568618 0.08654718101024628 1
1608582568756 0.014026354998350143 1
1608582568889 0.017481056973338127 1
1608582569014 0.03774556145071983 1
1608582569134 0.1212659478187561 1
1608582569242 0.06149109825491905 1
1608582569357 0.10753405094146729 1
1608582569476 0.05496673285961151 1
1608582569593 0.032641004770994186 1
1608582569709 0.2192438840866089 1
1608582569838 0.11643442511558533 1
1608582569961 0.17248541116714478 1
1608582570084 0.013568690046668053 1
1608582570207 0.23700305819511414 1
1608582570326 0.17198073863983154 1
1608582570446 0.059949688613414764 1
1608582570561 0.2928104102611542 1
1608582570693 0.11307942122220993 1
1608582570828 0.16944357752799988 1
1608582570959 0.1119324117898941 1
1608582571074 0.04679087921977043 1
1608582571212 0.14924059808254242 1
1608582571370 0.2272162139415741 1
1608582571528 0.04586450010538101 1
1608582571707 0.027244925498962402 1
1608582571899 0.047076258808374405 1
1608582572139 0.381964772939682 1
1608582572343 0.08342745900154114 1
1608582572565 0.16244138777256012 1
1608582572777 0.043290942907333374 1
1608582572996 0.08953893184661865 1
1608582573191 0.008533567190170288 1
1608582573348 0.18649433553218842 1
1608582573482 0.16163133084774017 1
1608582573599 0.0972311794757843 1
1608582573742 0.1811535805463791 1
1608582573897 0.05390630662441254 1
1608582574073 0.054857321083545685 1
1608582574262 0.17557571828365326 1
1608582574376 0.06654807180166245 1
1608582574487 0.03368828445672989 1
1608582574604 0.19003276526927948 1
1608582574740 0.03900645673274994 1
1608582574876 0.1446482390165329 1
1608582575018 0.028333468362689018 1
1608582575164 0.1644340455532074 1
1608582575324 0.15634848177433014 1
1608582575540 0.045929811894893646 1
1608582575759 0.11952725052833557 1
1608582575966 0.05903992801904678 1
1608582576166 0.3594695031642914 1
1608582576369 0.3224237561225891 1
1608582576549 0.08682835847139359 1
1608582576739 0.02807811088860035 1
1608582576876 0.12176728993654251 1
1608582577000 0.18116869032382965 1
1608582577118 0.13795499503612518 1
1608582577255 0.1384730190038681 1
1608582577379 0.18425855040550232 1
1608582577499 0.0664617195725441 1
1608582577655 0.08780784159898758 1
1608582577773 0.1505100578069687 1
1608582577904 0.12408913671970367 1
1608582578024 0.14232730865478516 1
1608582578134 0.09594116359949112 1
1608582578244 0.03642512112855911 1
1608582578358 0.12931744754314423 1
1608582578478 0.07899296283721924 1
1608582578596 0.02591436542570591 1
1608582578713 0.07059381902217865 1
1608582578831 0.042975738644599915 1
1608582578952 0.19772382080554962 1
1608582579079 0.14564239978790283 1
1608582579197 0.1847030520439148 1
1608582579315 0.1059115082025528 1
1608582579445 0.18997469544410706 1
1608582579609 0.16687066853046417 1
1608582579767 0.021756423637270927 1
1608582579896 0.02493489347398281 1
1608582580024 0.0245760977268219 1
1608582580157 0.09096723049879074 1
1608582580337 0.08982603251934052 1
1608582580536 0.037566762417554855 1
1608582580747 0.06760741770267487 1
1608582580926 0.10810436308383942 1
1608582581122 0.09016956388950348 1
1608582581308 0.29123473167419434 1
1608582581498 0.32986509799957275 1
1608582581731 0.12633660435676575 1
1608582581950 0.10983917862176895 1
1608582582133 0.09787458181381226 1
1608582582324 0.13386961817741394 1
1608582582515 0.016049304977059364 1
1608582582694 0.12614603340625763 1
1608582582854 0.02183620259165764 1
1608582583130 0.10406223684549332 1
1608582583322 0.11750109493732452 1
1608582583502 0.14380452036857605 1
1608582583653 0.07063978910446167 1
1608582583815 0.10388962924480438 1
1608582583972 0.17005513608455658 1
1608582584100 0.12267161905765533 1
1608582584223 0.06624140590429306 1
1608582584355 0.0598943755030632 1
1608582584488 0.07652530819177628 1
1608582584636 0.11476486176252365 1
1608582584763 0.12073955684900284 1
1608582584895 0.18117322027683258 1
1608582585058 0.0811348706483841 1
1608582585235 0.1337757557630539 1
1608582585380 0.06634090840816498 1
1608582585496 0.05655089020729065 1
1608582585611 0.10410331934690475 1
1608582585725 0.15993188321590424 1
1608582585848 0.03697185963392258 1
1608582585982 0.10313156992197037 1
1608582586100 0.13002505898475647 1
1608582586223 0.21630536019802094 1
1608582586361 0.2198130339384079 1
1608582586487 0.25667476654052734 1
1608582586619 0.07575255632400513 1
1608582586757 0.11254603415727615 1
1608582586871 0.10983603447675705 1
1608582586994 0.04923723638057709 1
1608582587120 0.07669372111558914 1
1608582587260 0.12722031772136688 1
1608582587410 0.10469438880681992 1
1608582587566 0.0820409506559372 1
1608582587721 0.10654708743095398 1
1608582587858 0.03080914169549942 1
1608582587972 0.10005932301282883 1
1608582588090 0.07551861554384232 1
1608582588206 0.08891195058822632 1
1608582588325 0.06425270438194275 1
1608582588457 0.22344808280467987 1
1608582588592 0.23708476126194 1
1608582588722 0.09503789246082306 1
1608582588837 0.12312164157629013 1
1608582588963 0.09478422999382019 1
1608582589104 0.09363222122192383 1
1608582589241 0.031715020537376404 1
1608582589373 0.14439469575881958 1
1608582589502 0.07773858308792114 1
1608582589627 0.0885223001241684 1
1608582589748 0.24861325323581696 1
1608582589856 0.0936519205570221 1
1608582589961 0.10906098783016205 1
1608582590077 0.2834818661212921 1
1608582590201 0.02163098007440567 1
1608582590331 0.09052007645368576 1
1608582590461 0.1824198216199875 1
1608582590605 0.04852251335978508 1
1608582590757 0.22172285616397858 1
1608582590891 0.0919206291437149 1
1608582591021 0.14271584153175354 1
1608582591146 0.039245739579200745 1
1608582591283 0.138802632689476 1
1608582591427 0.16798700392246246 1
1608582591541 0.08360343426465988 1
1608582591648 0.1332131177186966 1
1608582591755 0.15998807549476624 1
1608582591865 0.09044494479894638 1
1608582591987 0.04904114454984665 1
1608582592111 0.17991362512111664 1
1608582592231 0.0423707515001297 1
1608582592356 0.1057918593287468 1
1608582592478 0.2387116551399231 1
1608582592601 0.2410137951374054 1
1608582592723 0.030645260587334633 1
1608582592846 0.038980625569820404 1
1608582592965 0.08859287947416306 1
1608582593091 0.04525063931941986 1
1608582593228 0.15500853955745697 1
1608582593357 0.11248805373907089 1
1608582593479 0.07090184092521667 1
1608582593595 0.11629576236009598 1
1608582593713 0.06370870769023895 1
1608582593841 0.14050331711769104 1
1608582593990 0.07152445614337921 1
1608582594139 0.030246417969465256 1
1608582594259 0.13051491975784302 1
1608582594391 0.09859832376241684 1
1608582594516 0.20210692286491394 1
1608582594646 0.08219148218631744 1
1608582594778 0.2963051497936249 1
1608582594914 0.12901252508163452 1
1608582595042 0.07243985682725906 1
1608582595161 0.24755731225013733 1
1608582595289 0.06843593716621399 1
1608582595417 0.10690897703170776 1
1608582595524 0.09306903183460236 1
1608582595633 0.12302641570568085 1
1608582595748 0.15878863632678986 1
1608582595874 0.06023397296667099 1
1608582596009 0.16267329454421997 1
1608582596140 0.2643090784549713 1
1608582596268 0.09014153480529785 1
1608582596406 0.17172971367835999 1
1608582596537 0.07247790694236755 1
1608582596667 0.05416760966181755 1
1608582596803 0.02699023112654686 1
1608582596960 0.0956159308552742 1
1608582597112 0.17047981917858124 1
1608582597239 0.08255191892385483 1
1608582597361 0.16966190934181213 1
1608582597477 0.06725351512432098 1
1608582597601 0.21989808976650238 1
1608582597741 0.12468241900205612 1
1608582597890 0.039916131645441055 1
1608582598049 0.09411050379276276 1
1608582598194 0.22044222056865692 1
1608582598342 0.10038350522518158 1
1608582598493 0.13297370076179504 1
1608582598660 0.21823185682296753 1
1608582598810 0.09636644273996353 1
1608582598940 0.08728153258562088 1
1608582599074 0.05007569491863251 1
1608582599208 0.03197626769542694 1
1608582599342 0.06815401464700699 1
1608582599498 0.07865862548351288 1
1608582599655 0.2427741289138794 1
1608582599808 0.06486856937408447 1
1608582599957 0.06965858489274979 1
1608582600096 0.1141316220164299 1
1608582600231 0.030004963278770447 1
1608582600355 0.06023171544075012 1
1608582600479 0.11440560221672058 1
1608582600608 0.1356121301651001 1
1608582600739 0.09977254271507263 1
1608582600896 0.07266886532306671 1
1608582601021 0.056290511041879654 1
1608582601139 0.035643815994262695 1
1608582601290 0.022371573373675346 1
1608582601480 0.033071719110012054 1
1608582601677 0.04326745495200157 1
1608582601867 0.032946519553661346 1
1608582602080 0.2538376450538635 1
1608582602294 0.35493674874305725 1
1608582602483 0.17896094918251038 1
1608582602659 0.13284462690353394 1
1608582602809 0.3126045763492584 1
1608582602987 0.08232728391885757 1
1608582603137 0.05865101516246796 1
1608582603298 0.057118870317935944 1
1608582603447 0.026619508862495422 1
1608582603653 0.16273024678230286 1
1608582603864 0.4325588047504425 1
1608582604098 0.06838592886924744 1
1608582604339 0.06859691441059113 1
1608582604552 0.08816218376159668 1
1608582604773 0.07980743795633316 1
1608582604942 0.2561214864253998 1
1608582605111 0.06256796419620514 1
1608582605287 0.014880829490721226 1
1608582605463 0.06926783919334412 1
1608582605682 0.07132265716791153 1
1608582605854 0.2490418553352356 1
1608582606001 0.1666773110628128 1
1608582606172 0.15412040054798126 1
1608582606287 0.3786918818950653 1
1608582606416 0.05093427002429962 1
1608582606553 0.19738467037677765 1
1608582606708 0.10232774913311005 1
1608582606861 0.09909594804048538 1
1608582607010 0.05648074299097061 1
1608582607154 0.08557498455047607 1
1608582607280 0.03052477166056633 1
1608582607408 0.1367122232913971 1
1608582607530 0.06063568964600563 1
1608582607660 0.015281104482710361 1
1608582607807 0.015456011518836021 1
1608582607959 0.024937374517321587 1
1608582608116 0.2860671281814575 1
1608582608244 0.10773921012878418 1
1608582608366 0.07296685874462128 1
1608582608486 0.057765230536460876 1
1608582608592 0.08727627992630005 1
1608582608705 0.07552775740623474 1
1608582608822 0.010948508977890015 1
1608582608946 0.02652043290436268 1
1608582609067 0.17968901991844177 1
1608582609218 0.01848842203617096 1
1608582609377 0.02098509855568409 1
1608582609536 0.12687574326992035 1
1608582609689 0.19149599969387054 1
1608582609826 0.09429441392421722 1
1608582609963 0.1987248957157135 1
1608582610092 0.08757030218839645 1
1608582610235 0.051461756229400635 1
1608582610353 0.15254457294940948 1
1608582610469 0.024752067402005196 1
1608582610596 0.05272388830780983 1
1608582610750 0.02990388125181198 1
1608582610906 0.06545846164226532 1
1608582611034 0.028611062094569206 1
1608582611162 0.0500994548201561 1
1608582611284 0.06685906648635864 1
1608582611407 0.14616315066814423 1
1608582611544 0.16755448281764984 1
1608582611691 0.28968727588653564 1
1608582611835 0.05437907204031944 1
1608582611981 0.024989599362015724 1
1608582612116 0.18620839715003967 1
1608582612237 0.07328376173973083 1
1608582612355 0.047263845801353455 1
1608582612477 0.026506658643484116 1
1608582612600 0.035345230251550674 1
1608582612736 0.166111558675766 1
1608582612864 0.0050383093766868114 1
1608582612991 0.18026994168758392 1
1608582613139 0.07760091125965118 1
1608582613278 0.035909295082092285 1
1608582613429 0.07414331287145615 1
1608582613569 0.28353625535964966 1
1608582613714 0.0603848397731781 1
1608582613864 0.22116830945014954 1
1608582614004 0.10083460062742233 1
1608582614171 0.052084315568208694 1
1608582614359 0.0556153804063797 1
1608582614552 0.04943879693746567 1
1608582614726 0.042480695992708206 1
1608582614872 0.027960551902651787 1
1608582615064 0.08619997650384903 1
1608582615271 0.08752650022506714 1
1608582615442 0.0945969894528389 1
1608582615655 0.04176413267850876 1
1608582615862 0.04471485689282417 1
1608582616045 0.17005370557308197 1
1608582616189 0.028076859191060066 1
1608582616335 0.18957242369651794 1
1608582616480 0.21092797815799713 1
1608582616616 0.03605246543884277 1
1608582616767 0.028865622356534004 1
1608582616913 0.025616981089115143 1
1608582617114 0.10208619385957718 1
1608582617256 0.13129164278507233 1
1608582617382 0.23910726606845856 1
1608582617522 0.04038863629102707 1
1608582617670 0.05508697032928467 1
1608582617797 0.2204442322254181 1
1608582617915 0.1539946347475052 1
1608582618027 0.015194006264209747 1
1608582618145 0.09416782855987549 1
1608582618264 0.28590866923332214 1
1608582618379 0.20574718713760376 1
1608582618500 0.20896391570568085 1
1608582618616 0.027557633817195892 1
1608582618738 0.1691218465566635 1
1608582618860 0.03927045315504074 1
1608582618983 0.13755090534687042 1
1608582619109 0.1811162382364273 1
1608582619239 0.12166552990674973 1
1608582619367 0.09033609926700592 1
1608582619492 0.14710581302642822 1
1608582619613 0.21184279024600983 1
1608582619722 0.035525791347026825 1
1608582619838 0.12071717530488968 1
1608582619950 0.03285517543554306 1
1608582620073 0.04468078911304474 1
1608582620193 0.18655605614185333 1
1608582620311 0.04365832358598709 1
1608582620439 0.015196520835161209 1
1608582620571 0.1115671917796135 1
1608582620708 0.09444303810596466 1
1608582620839 0.026573630049824715 1
1608582620981 0.03867151960730553 1
1608582621117 0.06564078480005264 1
1608582621282 0.07353488355875015 1
1608582621460 0.07843616604804993 1
1608582621607 0.024851929396390915 1
1608582621752 0.030900590121746063 1
1608582621913 0.025578852742910385 1
1608582622067 0.10503721982240677 1
1608582622251 0.06551225483417511 1
1608582622444 0.2162865400314331 1
1608582622625 0.01719616912305355 1
1608582622780 0.004762341734021902 1
1608582622926 0.032952483743429184 1
1608582623092 0.0384010374546051 1
1608582623238 0.13900145888328552 1
1608582623394 0.00858977809548378 1
1608582623545 0.008883520029485226 1
1608582623784 0.022172750905156136 1
1608582624039 0.00561123713850975 1
1608582624241 0.00511074997484684 1
1608582624414 0.04254257678985596 1
1608582624582 0.0037949467077851295 1
1608582624728 0.005141407251358032 1
1608582624922 0.06010306254029274 1
1608582625210 0.00122477684635669 1
1608582625372 0.05925137177109718 1
1608582625527 0.03823399171233177 1
1608582625663 0.0236845500767231 1
1608582625838 0.010483907535672188 1
1608582626019 0.00045838404912501574 1
1608582626223 0.0007243159925565124 1
1608582626410 0.0037472834810614586 1
1608582626572 0.005108969286084175 1
1608582626728 0.13207393884658813 1
1608582626872 0.09969083219766617 1
1608582627020 0.04878802224993706 1
1608582627160 0.01838395558297634 1
1608582627342 0.002115804236382246 1
1608582627536 0.03842071816325188 1
1608582627752 0.21682894229888916 1
1608582627984 0.4815728962421417 1
1608582628176 0.026363393291831017 1
1608582628337 0.0020546650048345327 1
1608582628485 0.6106719374656677 1
1608582628595 0.07918744534254074 1
1608582628844 0.06086282432079315 2
1608582628981 0.08398280292749405 2
1608582629121 0.10542616993188858 2
1608582629255 0.08415442705154419 2
1608582629414 0.05388014018535614 2
1608582629562 0.08036771416664124 2
1608582629680 0.07084007561206818 2
1608582629793 0.3695785105228424 2
1608582629908 0.04101448878645897 2
1608582630032 0.08241062611341476 2
1608582630211 0.013575701974332333 2
1608582630362 0.0626986101269722 2
1608582630540 0.09608487039804459 2
1608582630689 0.13909706473350525 2
1608582630876 0.15983550250530243 2
1608582631065 0.10680167376995087 2
1608582631217 0.1871437132358551 2
1608582631351 0.1390400379896164 2
1608582631483 0.05106868967413902 2
1608582631646 0.09506922215223312 2
1608582631765 0.0764552652835846 2
1608582631898 0.2838592827320099 2
1608582632071 0.02599615603685379 2
1608582632223 0.05653098225593567 2
1608582632366 0.12331830710172653 2
1608582632494 0.12297184765338898 2
1608582632621 0.05977499857544899 2
1608582632741 0.10622640699148178 2
1608582632858 0.09797518700361252 2
1608582632976 0.03798781335353851 2
1608582633149 0.06975382566452026 2
1608582633264 0.09003913402557373 2
1608582633377 0.11705251783132553 2
1608582633487 0.03126935660839081 2
1608582633613 0.07362420111894608 2
1608582633734 0.025592375546693802 2
1608582633859 0.043026648461818695 2
1608582633982 0.20524512231349945 2
1608582634113 0.03740717098116875 2
1608582634236 0.04824187979102135 2
1608582634359 0.05603257939219475 2
1608582634527 0.09347620606422424 2
1608582634726 0.16190505027770996 2
1608582634900 0.05248003825545311 2
1608582635108 0.028156211599707603 2
1608582635390 0.10782571136951447 2
1608582635546 0.02390562929213047 2
1608582635761 0.039024289697408676 2
1608582635935 0.01715061441063881 2
1608582636103 0.015272178687155247 2
1608582636255 0.02604384906589985 2
1608582636417 0.11214926838874817 2
1608582636596 0.057617735117673874 2
1608582636731 0.01956137828528881 2
1608582636864 0.11849284172058105 2
1608582637021 0.10990650206804276 2
1608582637224 0.03518170863389969 2
1608582637427 0.12133488804101944 2
1608582637660 0.22036771476268768 2
1608582637852 0.05254027247428894 2
1608582638061 0.007726054172962904 2
1608582638253 0.015231219120323658 2
1608582638391 0.22486937046051025 2
1608582638705 0.0767880380153656 2
1608582638853 0.16879498958587646 2
1608582639046 0.059494782239198685 2
1608582639260 0.02619907632470131 2
1608582639427 0.02027106285095215 2
1608582639537 0.048399779945611954 2
1608582639661 0.20217104256153107 2
1608582639775 0.06754623353481293 2
1608582639932 0.07184301316738129 2
1608582640126 0.10530183464288712 2
1608582640287 0.017168695107102394 2
1608582640409 0.032503481954336166 2
1608582640548 0.009382822550833225 2
1608582640717 0.006145401392132044 2
1608582640848 0.15994994342327118 2
1608582640966 0.12703007459640503 2
1608582641155 0.04436923563480377 2
1608582641283 0.24981048703193665 2
1608582641395 0.038690660148859024 2
1608582641509 0.10922329127788544 2
1608582641638 0.24655656516551971 2
1608582641762 0.0530431903898716 2
1608582641885 0.03876286745071411 2
1608582642009 0.044293276965618134 2
1608582642134 0.026087425649166107 2
1608582642264 0.044592078775167465 2
1608582642401 0.21934503316879272 2
1608582642612 0.052736036479473114 2
1608582642885 0.15861959755420685 2
1608582643052 0.027144361287355423 2
1608582643202 0.03899934142827988 2
1608582643376 0.009446385316550732 2
1608582643500 0.35821500420570374 2
1608582643757 0.012638780288398266 2
1608582643953 0.05871647223830223 2
1608582644206 0.058941032737493515 2
1608582644419 0.059193938970565796 2
1608582644611 0.1987573653459549 2
1608582644756 0.08982173353433609 2
1608582645011 0.04644528403878212 2
1608582645252 0.03909500688314438 2
1608582645393 0.07393766939640045 2
1608582645548 0.028206318616867065 2
1608582645759 0.06300394237041473 2
1608582645978 0.17487145960330963 2
1608582646136 0.16711178421974182 2
1608582646266 0.1460624635219574 2
1608582646399 0.16866916418075562 2
1608582646507 0.048371702432632446 2
1608582646626 0.12290319800376892 2
1608582646757 0.12995027005672455 2
1608582646888 0.0406121127307415 2
1608582647016 0.011786100454628468 2
1608582647143 0.022818494588136673 2
1608582647261 0.043817032128572464 2
1608582647390 0.045409996062517166 2
1608582647515 0.01802581176161766 2
1608582647645 0.030162127688527107 2
1608582647810 0.04990357905626297 2
1608582647944 0.021103043109178543 2
1608582648117 0.03243167698383331 2
1608582648265 0.121941477060318 2
1608582648415 0.05067514628171921 2
1608582648580 0.17505459487438202 2
1608582648725 0.013272596523165703 2
1608582648925 0.24243241548538208 2
1608582649112 0.12086161971092224 2
1608582649427 0.01649400219321251 2
1608582649624 0.025994446128606796 2
1608582649768 0.11847424507141113 2
1608582649928 0.004651272669434547 2
1608582650059 0.012582794763147831 2
1608582650173 0.05810444429516792 2
1608582650287 0.2954558730125427 2
1608582650408 0.09543375670909882 2
1608582650549 0.290370374917984 2
1608582650689 0.033038098365068436 2
1608582650875 0.12896381318569183 2
1608582651006 0.01725795306265354 2
1608582651173 0.08325233310461044 2
1608582651338 0.03422093763947487 2
1608582651497 0.11704283952713013 2
1608582651772 0.03654143959283829 2
1608582651919 0.1264936625957489 2
1608582652071 0.11202184110879898 2
1608582652280 0.0779622346162796 2
1608582652443 0.029691243544220924 2
1608582652589 0.09107308089733124 2
1608582652747 0.00836146529763937 2
1608582652889 0.08544820547103882 2
1608582653039 0.0025158382486552 2
1608582653199 0.04762699082493782 2
1608582653353 0.033757105469703674 2
1608582653484 0.11362497508525848 2
1608582653609 0.1356760412454605 2
1608582653747 0.018846284598112106 2
1608582653915 0.12556631863117218 2
1608582654091 0.13076774775981903 2
1608582654253 0.02159971185028553 2
1608582654414 0.008399685844779015 2
1608582654561 0.013400635682046413 2
1608582654716 0.0027338392101228237 2
1608582654864 0.01511739194393158 2
1608582654979 0.00945076160132885 2
1608582655104 0.052269287407398224 2
1608582655239 0.17277152836322784 2
1608582655453 0.020109672099351883 2
1608582655686 0.009189816191792488 2
1608582655822 0.4871978461742401 2
1608582655957 0.07003973424434662 2
1608582656089 0.04473581537604332 2
1608582656238 0.005372397135943174 2
1608582656411 0.14988169074058533 2
1608582656612 0.02577277459204197 2
1608582656910 0.026959430426359177 2
1608582657128 0.01817023754119873 2
1608582657301 0.042127277702093124 2
1608582657443 0.18124404549598694 2
1608582657596 0.09125836938619614 2
1608582657751 0.036337170749902725 2
1608582657893 0.15160928666591644 2
1608582658070 0.034933239221572876 2
1608582658206 0.07680395990610123 2
1608582658332 0.06761332601308823 2
1608582658464 0.019867628812789917 2
1608582658607 0.06859145313501358 2
1608582658776 0.01299508661031723 2
1608582658925 0.09257534891366959 2
1608582659053 0.057590268552303314 2
1608582659233 0.043870653957128525 2
1608582659473 0.057959530502557755 2
1608582659730 0.03782691806554794 2
1608582659894 0.037520259618759155 2
1608582660028 0.16100414097309113 2
1608582660152 0.050664037466049194 2
1608582660336 0.03804106265306473 2
1608582660568 0.009209271520376205 2
1608582660797 0.02186622843146324 2
1608582660950 0.0979357436299324 2
1608582661099 0.06774517148733139 2
1608582661272 0.2178255319595337 2
1608582661393 0.07447084039449692 2
1608582661520 0.23347501456737518 2
1608582661657 0.1039566621184349 2
1608582661773 0.07296589761972427 2
1608582661886 0.018885381519794464 2
1608582662015 0.11527339369058609 2
1608582662185 0.10000822693109512 2
1608582662311 0.1380358636379242 2
1608582662450 0.015983903780579567 2
1608582662585 0.21981696784496307 2
1608582662712 0.13692925870418549 2
1608582662839 0.007352932821959257 2
1608582662970 0.08095012605190277 2
1608582663137 0.1089998334646225 2
1608582663281 0.1685369908809662 2
1608582663411 0.05026664957404137 2
1608582663550 0.022482847794890404 2
1608582663665 0.023154500871896744 2
1608582663785 0.04488382488489151 2
1608582663910 0.06968212872743607 2
1608582664043 0.163915753364563 2
1608582664167 0.01233675517141819 2
1608582664294 0.02993645891547203 2
1608582664415 0.22315509617328644 2
1608582664571 0.1268167793750763 2
1608582664778 0.021324556320905685 2
1608582665033 0.13276198506355286 2
1608582665288 0.04546474292874336 2
1608582665420 0.02710079774260521 2
1608582665602 0.07333400845527649 2
1608582665842 0.005629817023873329 2
1608582666128 0.014659467153251171 2
1608582666417 0.26282748579978943 2
1608582666712 0.008425367996096611 2
1608582666945 0.06378089636564255 2
1608582667178 0.057758182287216187 2
1608582667429 0.09616326540708542 2
1608582667679 0.14097411930561066 2
1608582667820 0.03235524892807007 2
1608582667944 0.04114159569144249 2
1608582668080 0.044041890650987625 2
1608582668335 0.01119606290012598 2
1608582668464 0.14693908393383026 2
1608582668594 0.0711083859205246 2
1608582668752 0.020210374146699905 2
1608582668924 0.2096448689699173 2
1608582669108 0.024772418662905693 2
1608582669306 0.020763926208019257 2
1608582669436 0.14686746895313263 2
1608582669571 0.1303049921989441 2
1608582669760 0.06546405702829361 2
1608582669922 0.12247496843338013 2
1608582670047 0.02097463235259056 2
1608582670176 0.022005008533596992 2
1608582670281 0.048527203500270844 2
1608582670396 0.01595270074903965 2
1608582670554 0.14728392660617828 2
1608582670725 0.09518159925937653 2
1608582670891 0.03436754643917084 2
1608582671058 0.013405521400272846 2
1608582671257 0.054299741983413696 2
1608582671451 0.16911648213863373 2
1608582671659 0.09771007299423218 2
1608582671804 0.08337278664112091 2
1608582671951 0.04392871633172035 2
1608582672094 0.05033588036894798 2
1608582672216 0.009872070513665676 2
1608582672377 0.058787960559129715 2
1608582672514 0.013280737213790417 2
1608582672647 0.03091864474117756 2
1608582672773 0.13169309496879578 2
1608582672904 0.04922303929924965 2
1608582673035 0.05614669620990753 2
1608582673167 0.20024323463439941 2
1608582673295 0.05451041832566261 2
1608582673452 0.05923229455947876 2
1608582673630 0.12135468423366547 2
1608582673759 0.09788002073764801 2
1608582673891 0.012240399606525898 2
1608582674014 0.13375818729400635 2
1608582674136 0.026249345391988754 2
1608582674248 0.04850935935974121 2
1608582674364 0.06585834175348282 2
1608582674491 0.05223318934440613 2
1608582674614 0.04766672104597092 2
1608582674744 0.021557947620749474 2
1608582674907 0.1394813060760498 2
1608582675091 0.09166067093610764 2
1608582675255 0.06717678904533386 2
1608582675400 0.0028122456278651953 2
1608582675561 0.058835551142692566 2
1608582675707 0.004794689826667309 2
1608582675852 0.050798576325178146 2
1608582676018 0.014016478322446346 2
1608582676192 0.2021941989660263 2
1608582676384 0.01548308040946722 2
1608582676626 0.023387029767036438 2
1608582676763 0.04834121838212013 2
1608582676900 0.10965512692928314 2
1608582677026 0.014026517979800701 2
1608582677157 0.10229180008172989 2
1608582677328 0.03954112157225609 2
1608582677588 0.06312922388315201 2
1608582677861 0.06272915005683899 2
1608582678138 0.0062813106924295425 2
1608582678426 0.03927074372768402 2
1608582678739 0.06015392392873764 2
1608582678990 0.14337459206581116 2
1608582679134 0.01802128553390503 2
1608582679276 0.04679829254746437 2
1608582679451 0.020389964804053307 2
1608582679663 0.09009824693202972 2
1608582679779 0.03308626636862755 2
1608582679903 0.19660992920398712 2
1608582680048 0.012617688626050949 2
1608582680192 0.013197586871683598 2
1608582680353 0.034744758158922195 2
1608582680592 0.078912153840065 2
1608582680863 0.06803727149963379 2
1608582681073 0.1613154411315918 2
1608582681201 0.13902035355567932 2
1608582681311 0.07249685376882553 2
1608582681428 0.04948398098349571 2
1608582681591 0.09725869446992874 2
1608582681839 0.022170158103108406 2
1608582682068 0.029490837827324867 2
1608582682317 0.11383265256881714 2
1608582682459 0.04033912345767021 2
1608582682588 0.051819972693920135 2
1608582682714 0.09957028925418854 2
1608582682843 0.038251329213380814 2
1608582682974 0.033667247742414474 2
1608582683161 0.009237410500645638 2
1608582683357 0.1537349671125412 2
1608582683520 0.047038279473781586 2
1608582683744 0.014919595792889595 2
1608582683901 0.04174058511853218 2
1608582684095 0.03217576444149017 2
1608582684321 0.14476987719535828 2
1608582684445 0.04690146446228027 2
1608582684579 0.025751490145921707 2
1608582684741 0.036334410309791565 2
1608582684968 0.09222021698951721 2
1608582685186 0.09388922154903412 2
1608582685380 0.036643315106630325 2
1608582685530 0.007081169635057449 2
1608582685728 0.008009091950953007 2
1608582685942 0.07903703302145004 2
1608582686166 0.1117546483874321 2
1608582686394 0.17896640300750732 2
1608582686529 0.07309630513191223 2
1608582686643 0.16104656457901 2
1608582686760 0.02150593511760235 2
1608582686895 0.01920483633875847 2
1608582687038 0.0014463714323937893 2
1608582687203 0.010115789249539375 2
1608582687342 0.11686570197343826 2
1608582687478 0.02059876173734665 2
1608582687623 0.01866856776177883 2
1608582687758 0.005620282143354416 2
1608582687892 0.0121770603582263 2
1608582688037 0.07387509196996689 2
1608582688156 0.015332935377955437 2
1608582688265 0.004666291642934084 2
1608582688375 0.11037633568048477 2
1608582688494 0.041240010410547256 2
1608582688630 0.11460299044847488 2
1608582688765 0.0069633061066269875 2
1608582688905 0.1758991777896881 2
1608582689051 0.1321890652179718 2
1608582689199 0.08770208060741425 2
1608582689337 0.06079455092549324 2
1608582689463 0.0886530801653862 2
1608582689601 0.031522657722234726 2
1608582689735 0.10841360688209534 2
1608582689851 0.04777329042553902 2
1608582689966 0.01785994879901409 2
1608582690090 0.01652316190302372 2
1608582690214 0.027920151129364967 2
1608582690342 0.043297700583934784 2
1608582690471 0.113057442009449 2
1608582690638 0.12237189710140228 2
1608582690795 0.04537275433540344 2
1608582690932 0.12203875184059143 2
1608582691074 0.09289577603340149 2
1608582691208 0.031132038682699203 2
1608582691339 0.0041523706167936325 2
1608582691451 0.027455780655145645 2
1608582691576 0.016386734321713448 2
1608582691692 0.05185666307806969 2
1608582691812 0.05072437599301338 2
1608582691944 0.010025755502283573 2
1608582692117 0.004763077478855848 2
1608582692250 0.009371038526296616 2
1608582692394 0.10989680141210556 2
1608582692529 0.18904347717761993 2
1608582692662 0.06994962692260742 2
1608582692795 0.13866767287254333 2
1608582692928 0.025193560868501663 2
1608582693053 0.07861117273569107 2
1608582693174 0.01803428679704666 2
1608582693297 0.034584157168865204 2
1608582693424 0.08076974004507065 2
1608582693554 0.012327510863542557 2
1608582693681 0.014014070853590965 2
1608582693843 0.010655932128429413 2
1608582693969 0.030519766733050346 2
1608582694094 0.03345704823732376 2
1608582694248 0.21809543669223785 2
1608582694395 0.1502758264541626 2
1608582694522 0.03332139179110527 2
1608582694654 0.328736811876297 2
1608582694784 0.2376922369003296 2
1608582694961 0.14369644224643707 2
1608582695130 0.03767871856689453 2
1608582695352 0.12956984341144562 2
1608582695542 0.15155045688152313 2
1608582695757 0.010916388593614101 2
1608582695976 0.010546252131462097 2
1608582696191 0.11738813668489456 2
1608582696344 0.10352954268455505 2
1608582696558 0.1786355823278427 2
1608582696912 0.02210715413093567 2
1608582697076 0.011110891588032246 2
1608582697230 0.01870257593691349 2
1608582697387 0.050399865955114365 2
1608582697524 0.14333456754684448 2
1608582697656 0.0857774019241333 2
1608582697776 0.07885432243347168 2
1608582697898 0.07502647489309311 2
1608582698031 0.017520630732178688 2
1608582698165 0.034835703670978546 2
1608582698296 0.03611142188310623 2
1608582698419 0.060520272701978683 2
1608582698545 0.016128811985254288 2
1608582698666 0.05195976421236992 2
1608582698785 0.11816452443599701 2
1608582698914 0.010514841414988041 2
1608582699041 0.011401836760342121 2
1608582699149 0.07830165326595306 2
1608582699258 0.0735081285238266 2
1608582699373 0.021418197080492973 2
1608582699490 0.2066875547170639 2
1608582699612 0.16223609447479248 2
1608582699728 0.0715719610452652 2
1608582699856 0.11912883073091507 2
1608582699994 0.07358346879482269 2
1608582700133 0.01998181827366352 2
1608582700270 0.047397181391716 2
1608582700410 0.10333845019340515 2
1608582700545 0.015779057517647743 2
1608582700685 0.04869229719042778 2
1608582700810 0.10102683305740356 2
1608582700970 0.05644993111491203 2
1608582701178 0.021699396893382072 2
1608582701350 0.22530554234981537 2
1608582701500 0.03492850065231323 2
1608582701642 0.014575481414794922 2
1608582701777 0.02795194275677204 2
1608582701918 0.06312742084264755 2
1608582702074 0.16540192067623138 2
1608582702255 0.010518542490899563 2
1608582702397 0.020735640078783035 2
1608582702519 0.016825418919324875 2
1608582702646 0.04109399765729904 2
1608582702777 0.0466325581073761 2
1608582702955 0.07089798897504807 2
1608582703189 0.012268523685634136 2
1608582703365 0.014649746008217335 2
1608582703570 0.017594389617443085 2
1608582703726 0.004536711145192385 2
1608582703863 0.011515595950186253 2
1608582704020 0.026783214882016182 2
1608582704146 0.046673499047756195 2
1608582704303 0.14387087523937225 2
1608582704438 0.009137250483036041 2
1608582704606 0.05777338519692421 2
1608582704752 0.10742975771427155 2
1608582704914 0.020654449239373207 2
1608582705076 0.005621918477118015 2
1608582705210 0.02328180894255638 2
1608582705351 0.08659597486257553 2
1608582705470 0.1150195524096489 2
1608582705605 0.06142489239573479 2
1608582705750 0.09878072887659073 2
1608582705865 0.06593167781829834 2
1608582706017 0.11029265820980072 2
1608582706136 0.03371381387114525 2
1608582706261 0.020454125478863716 2
1608582706384 0.10223562270402908 2
1608582706531 0.05850639566779137 2
1608582706709 0.20818299055099487 2
1608582706939 0.07920656353235245 2
1608582707081 0.10137654840946198 2
1608582707296 0.019360119476914406 2
1608582707511 0.1565282642841339 2
1608582707751 0.08116155862808228 2
1608582707988 0.09557811170816422 2
1608582708227 0.06689155846834183 2
1608582708370 0.028574712574481964 2
1608582708498 0.12662272155284882 2
1608582708691 0.18709246814250946 2
1608582708819 0.08825478702783585 2
1608582709083 0.09585490822792053 2
1608582709225 0.06677865236997604 2
1608582709452 0.003333883360028267 2
1608582709644 0.05821763724088669 2
1608582709804 0.0580517053604126 2
1608582709957 0.16031964123249054 2
1608582710120 0.1005466878414154 2
1608582710251 0.03216556832194328 2
1608582710386 0.04210260882973671 2
1608582710527 0.06355327367782593 2
1608582710645 0.022967319935560226 2
1608582710764 0.02007402293384075 2
1608582710893 0.07800506800413132 2
1608582711067 0.1927901655435562 2
1608582711180 0.08353359997272491 2
1608582711305 0.09031256288290024 2
1608582711425 0.04000627249479294 2
1608582711582 0.07492168247699738 2
1608582711730 0.006526176352053881 2
1608582711874 0.023806456476449966 2
1608582712014 0.11769775301218033 2
1608582712142 0.03757376968860626 2
1608582712281 0.005315839778631926 2
1608582712456 0.059498075395822525 2
1608582712593 0.013709994032979012 2
1608582712719 0.08635305613279343 2
1608582712846 0.021785924211144447 2
1608582713003 0.008098136633634567 2
1608582713183 0.015085196122527122 2
1608582713367 0.035131990909576416 2
1608582713512 0.1760958433151245 2
1608582713646 0.023748939856886864 2
1608582713792 0.029973968863487244 2
1608582713950 0.024708323180675507 2
1608582714089 0.22150690853595734 2
1608582714213 0.13872836530208588 2
1608582714320 0.07148122787475586 2
1608582714439 0.18623638153076172 2
1608582714574 0.11602431535720825 2
1608582714706 0.03580423817038536 2
1608582714836 0.1126018688082695 2
1608582714984 0.03731071576476097 2
1608582715141 0.08387435972690582 2
1608582715324 0.15335501730442047 2
1608582715518 0.12230933457612991 2
1608582715736 0.039265479892492294 2
1608582715939 0.05850592255592346 2
1608582716124 0.2803410291671753 2
1608582716285 0.021495163440704346 2
1608582716502 0.2802009582519531 2
1608582716793 0.04467012733221054 2
1608582716942 0.07157392799854279 2
1608582717086 0.008253664709627628 2
1608582717214 0.18423953652381897 2
1608582717388 0.052049387246370316 2
1608582717551 0.030364608392119408 2
1608582717697 0.1526680290699005 2
1608582717862 0.10880284756422043 2
1608582718069 0.041494160890579224 2
1608582718248 0.03805544227361679 2
1608582718409 0.01944940909743309 2
1608582718718 0.027214784175157547 2
1608582718920 0.21528254449367523 2
1608582719091 0.01542093325406313 2
1608582719262 0.04424078390002251 2
1608582719412 0.0674673393368721 2
1608582719557 0.03976535052061081 2
1608582719698 0.02474113367497921 2
1608582719841 0.165690079331398 2
1608582719980 0.04172462970018387 2
1608582720144 0.02815883234143257 2
1608582720253 0.19213171303272247 2
1608582720508 0.16191092133522034 2
1608582720695 0.04744168743491173 2
1608582720845 0.04090041667222977 2
1608582720997 0.16069769859313965 2
1608582721139 0.031507473438978195 2
1608582721270 0.1749076545238495 2
1608582721402 0.052988044917583466 2
1608582721540 0.035922691226005554 2
1608582721672 0.02920527569949627 2
1608582721793 0.049086105078458786 2
1608582721906 0.13586170971393585 2
1608582722063 0.05583418160676956 2
1608582722193 0.1108769029378891 2
1608582722319 0.0611782930791378 2
1608582722444 0.022911930456757545 2
1608582722591 0.14818888902664185 2
1608582722727 0.04845389351248741 2
1608582722852 0.020489118993282318 2
1608582722981 0.08452983945608139 2
1608582723115 0.008830808103084564 2
1608582723252 0.3760237991809845 2
1608582723433 0.08083391189575195 2
1608582723550 0.06370774656534195 2
1608582723666 0.07163643091917038 2
1608582723785 0.0499580092728138 2
1608582723906 0.062191639095544815 2
1608582724042 0.02182006649672985 2
1608582724182 0.004946586675941944 2
1608582724318 0.010984481312334538 2
1608582724448 0.04150434955954552 2
1608582724583 0.041098568588495255 2
1608582724745 0.009286395274102688 2
1608582724901 0.08246354758739471 2
1608582725043 0.1961524486541748 2
1608582725176 0.033618271350860596 2
1608582725300 0.12752816081047058 2
1608582725422 0.1350792944431305 2
1608582725553 0.06323812901973724 2
1608582725684 0.03787429258227348 2
1608582725816 0.02695518732070923 2
1608582725960 0.07594245672225952 2
1608582726146 0.018450193107128143 2
1608582726281 0.06458587944507599 2
1608582726427 0.10926572233438492 2
1608582726605 0.011468341574072838 2
1608582726785 0.12530680000782013 2
1608582726912 0.037661269307136536 2
1608582727038 0.012489283457398415 2
1608582727163 0.23430384695529938 2
1608582727290 0.0065515791065990925 2
1608582727432 0.04777338355779648 2
1608582727613 0.03168956935405731 2
1608582727778 0.04379282519221306 2
1608582727920 0.016503602266311646 2
1608582728070 0.03400019183754921 2
1608582728241 0.0164042878895998 2
1608582728448 0.047321632504463196 2
1608582728578 0.08785465359687805 2
1608582728699 0.011325987987220287 2
1608582728823 0.07253153622150421 2
1608582728998 0.07249490916728973 2
1608582729149 0.03795504942536354 2
1608582729331 0.0832933709025383 2
1608582729474 0.014010617509484291 2
1608582729618 0.009941012598574162 2
1608582729743 0.09619710594415665 2
1608582729870 0.12371759861707687 2
1608582730004 0.09135568141937256 2
1608582730160 0.07194028794765472 2
1608582730298 0.06968075037002563 2
1608582730424 0.17058062553405762 2
1608582730573 0.03697599843144417 2
1608582730695 0.11947891861200333 2
1608582730816 0.02115580067038536 2
1608582730940 0.03190943971276283 2
1608582731122 0.1389516144990921 2
1608582731325 0.025941645726561546 2
1608582731469 0.1799992173910141 2
1608582731595 0.025336703285574913 2
1608582731948 0.10999680310487747 2
1608582732096 0.0727844312787056 2
1608582732209 0.043046481907367706 2
1608582732338 0.1399034559726715 2
1608582732464 0.09832122176885605 2
1608582732628 0.08826948702335358 2
1608582732771 0.09588860720396042 2
1608582732902 0.15668885409832 2
1608582733036 0.08417972922325134 2
1608582733201 0.07645654678344727 2
1608582733325 0.021694770082831383 2
1608582733444 0.18382738530635834 2
1608582733607 0.01543148048222065 2
1608582733720 0.04590519890189171 2
1608582733833 0.10905703902244568 2
1608582733947 0.05407818779349327 2
1608582734115 0.024081848561763763 2
1608582734253 0.07508523017168045 2
1608582734446 0.004961004480719566 2
1608582734722 0.01566258631646633 2
1608582734935 0.18034566938877106 2
1608582735169 0.035067711025476456 2
1608582735371 0.037183113396167755 2
1608582735548 0.014180070720613003 2
1608582735708 0.05916323885321617 2
1608582735843 0.0781949982047081 2
1608582735970 0.09272975474596024 2
1608582736103 0.0846240296959877 2
1608582736236 0.018686853349208832 2
1608582736352 0.07835417985916138 2
1608582736477 0.09777390211820602 2
1608582736589 0.004955679643899202 2
1608582736751 0.015880899503827095 2
1608582736875 0.0650218278169632 2
1608582736998 0.010099228471517563 2
1608582737115 0.05633998289704323 2
1608582737245 0.07851766794919968 2
1608582737354 0.008166144602000713 2
1608582737473 0.012287821620702744 2
1608582737607 0.004484060686081648 2
1608582737742 0.0045735822059214115 2
1608582737860 0.05123617872595787 2
1608582737987 0.2765401005744934 2
1608582738155 0.048798900097608566 2
1608582738294 0.026269780471920967 2
1608582738421 0.03509792685508728 2
1608582738553 0.041128333657979965 2
1608582738684 0.16701918840408325 2
1608582738815 0.042811326682567596 2
1608582738950 0.0533113107085228 2
1608582739078 0.11909876763820648 2
1608582739212 0.0516820028424263 2
1608582739379 0.04821233078837395 2
1608582739554 0.040512990206480026 2
1608582739750 0.15808232128620148 2
1608582740078 0.034565966576337814 2
1608582740303 0.027380645275115967 2
1608582740524 0.05571526661515236 2
1608582740923 0.10408530384302139 2
1608582741185 0.07412496209144592 2
1608582741440 0.03624873235821724 2
1608582741619 0.06152227893471718 2
1608582741753 0.18150410056114197 2
1608582741883 0.010559257119894028 2
1608582742017 0.13863834738731384 2
1608582742159 0.08095869421958923 2
1608582742299 0.022165197879076004 2
1608582742427 0.12712638080120087 2
1608582742563 0.010949582792818546 2
1608582742694 0.01403113454580307 2
1608582742839 0.054909609258174896 2
1608582743011 0.03238651528954506 2
1608582743194 0.16839750111103058 2
1608582743402 0.008745555765926838 2
1608582743608 0.010675637982785702 2
1608582743773 0.02828117273747921 2
1608582744071 0.1322992444038391 2
1608582744259 0.06461729854345322 2
1608582744420 0.04744113236665726 2
1608582744678 0.13829264044761658 2
1608582744852 0.19885699450969696 2
1608582744983 0.059006012976169586 2
1608582745202 0.06135903671383858 2
1608582745403 0.07292880117893219 2
1608582745538 0.011043737642467022 2
1608582745743 0.29768216609954834 2
1608582745886 0.025772593915462494 2
1608582746163 0.08936455845832825 2
1608582746395 0.13971452414989471 2
1608582746614 0.026019316166639328 2
1608582746873 0.04489200934767723 2
1608582747061 0.08837500959634781 2
1608582747277 0.025606505572795868 2
1608582747433 0.026410100981593132 2
1608582747651 0.012029682286083698 2
1608582747926 0.007776170503348112 2
1608582748178 0.1380724012851715 2
1608582748416 0.07093799859285355 2
1608582748634 0.03781333193182945 2
1608582748827 0.026599951088428497 2
1608582748952 0.005994169972836971 2
1608582749153 0.04521440714597702 2
1608582749368 0.03228113800287247 2
1608582749620 0.005999142769724131 2
1608582749831 0.0075539699755609035 2
1608582749972 0.0028865598142147064 2
1608582750223 0.04477226734161377 2
1608582750408 0.20235177874565125 2
1608582750552 0.12470824271440506 2
1608582750743 0.10270488262176514 2
1608582750943 0.2407415211200714 2
1608582751135 0.03716588392853737 2
1608582751315 0.007645167410373688 2
1608582751490 0.012349285185337067 2
1608582751662 0.015036141499876976 2
1608582751791 0.1973530352115631 2
1608582751923 0.19931046664714813 2
1608582752082 0.02217017114162445 2
1608582752245 0.024214312434196472 2
1608582752354 0.05704957991838455 2
1608582752466 0.006808351259678602 2
1608582752669 0.26630592346191406 2
1608582752818 0.04014688730239868 2
1608582753098 0.02229561284184456 2
1608582753359 0.03294586390256882 2
1608582753584 0.011833127588033676 2
1608582753752 0.1374388486146927 2
1608582753898 0.011744323186576366 2
1608582754232 0.08922616392374039 2
1608582754356 0.2032061517238617 2
1608582754499 0.015683889389038086 2
1608582754660 0.052427299320697784 2
1608582754798 0.0953533723950386 2
1608582754919 0.03157855570316315 2
1608582755057 0.02831743285059929 2
1608582755198 0.04506351798772812 2
1608582755327 0.1375492364168167 2
1608582755444 0.07094604521989822 2
1608582755573 0.07016623765230179 2
1608582755701 0.0012401877902448177 2
1608582755824 0.004402459599077702 2
1608582755975 0.08345778286457062 2
1608582756102 0.12546639144420624 2
1608582756380 0.05069083720445633 2
1608582756558 0.062245067209005356 2
1608582756715 0.053662996739149094 2
1608582756872 0.04790230467915535 2
1608582757012 0.07085690647363663 2
1608582757142 0.0339641347527504 2
1608582757284 0.031785640865564346 2
1608582757485 0.13341829180717468 2
1608582757633 0.0049725305289030075 2
1608582757754 0.019595256075263023 2
1608582757863 0.13293428719043732 2
1608582757984 0.03726798668503761 2
1608582758100 0.02520027384161949 2
1608582758224 0.19349266588687897 2
1608582758350 0.04732973128557205 2
1608582758480 0.02446664310991764 2
1608582758610 0.04618366062641144 2
1608582758736 0.019749728962779045 2
1608582758854 0.0067770094610750675 2
1608582758978 0.0061769867315888405 2
1608582759145 0.1817064881324768 2
1608582759295 0.019605586305260658 2
1608582759422 0.12549324333667755 2
1608582759548 0.047258611768484116 2
1608582759666 0.2009885162115097 2
1608582759795 0.09981334954500198 2
1608582759923 0.2713494896888733 2
1608582760064 0.03987470641732216 2
1608582760199 0.07261819392442703 2
1608582760374 0.13186660408973694 2
1608582760514 0.10009574145078659 2
1608582760652 0.005549797788262367 2
1608582760783 0.006568808574229479 2
1608582760921 0.05395759642124176 2
1608582761061 0.0236869677901268 2
1608582761181 0.02937197871506214 2
1608582761309 0.005755913443863392 2
1608582761435 0.10963951051235199 2
1608582761568 0.040524765849113464 2
1608582761747 0.18860167264938354 2
1608582761937 0.0987870991230011 2
1608582762136 0.04147141054272652 2
1608582762386 0.01956857554614544 2
1608582762545 0.07648560404777527 2
1608582762710 0.06398370862007141 2
1608582762833 0.013617978431284428 2
1608582762968 0.11362409591674805 2
1608582763128 0.047700732946395874 2
1608582763264 0.020722726359963417 2
1608582763447 0.0628962516784668 2
1608582763604 0.11346366256475449 2
1608582763832 0.06845086067914963 2
1608582763981 0.011987551115453243 2
1608582764177 0.021426238119602203 2
1608582764333 0.11461881548166275 2
1608582764460 0.042057521641254425 2
1608582764597 0.09063948690891266 2
1608582764747 0.1140485405921936 2
1608582764947 0.01201373990625143 2
1608582765142 0.021328069269657135 2
1608582765299 0.0013547205599024892 2
1608582765454 0.007658770773559809 2
1608582765585 0.0275882538408041 2
1608582765711 0.06811358034610748 2
1608582765849 0.028472797945141792 2
1608582765995 0.0046906257048249245 2
1608582766136 0.16968299448490143 2
1608582766278 0.0997219979763031 2
1608582766419 0.015618067234754562 2
1608582766638 0.08759178221225739 2
1608582766779 0.08353684842586517 2
1608582767085 0.05133257806301117 2
1608582767263 0.11293641477823257 2
1608582767424 0.0069819665513932705 2
1608582767578 0.06845584511756897 2
1608582767721 0.008937203325331211 2
1608582767851 0.0881289392709732 2
1608582768019 0.025734957307577133 2
1608582768165 0.024476880207657814 2
1608582768297 0.027977121993899345 2
1608582768431 0.07793957740068436 2
1608582768564 0.03248017653822899 2
1608582768722 0.06068837642669678 2
1608582768850 0.19210289418697357 2
1608582769117 0.012645158916711807 2
1608582769300 0.0024609724059700966 2
1608582769450 0.07498285919427872 2
1608582769585 0.17403991520404816 2
1608582769753 0.01589934155344963 2
1608582769926 0.07199106365442276 2
1608582770067 0.06253975629806519 2
1608582770239 0.0021423452999442816 2
1608582770498 0.004815380088984966 2
1608582770660 0.11066009104251862 2
1608582770852 0.061463307589292526 2
1608582770983 0.04996539279818535 2
1608582771113 0.01794358901679516 2
1608582771265 0.08724465221166611 2
1608582771379 0.004002219531685114 2
1608582771500 0.0528116375207901 2
1608582771631 0.0365743562579155 2
1608582771768 0.1941063553094864 2
1608582771911 0.012754756957292557 2
1608582772047 0.007129937410354614 2
1608582772187 0.030081067234277725 2
1608582772314 0.006068529561161995 2
1608582772437 0.062172144651412964 2
1608582772602 0.0021151851397007704 2
1608582772743 0.004795767366886139 2
1608582773009 0.029461119323968887 2
1608582773159 0.03551419451832771 2
1608582773343 0.028966397047042847 2
1608582773483 0.04880516976118088 2
1608582773632 0.0018065107287839055 2
1608582773819 0.003436670871451497 2
1608582773961 0.009817910380661488 2
1608582774095 0.0007277021650224924 2
1608582774238 0.01062521617859602 2
1608582774419 0.04829178750514984 2
1608582774669 0.011519751511514187 2
1608582774871 0.0001595140201970935 2
1608582775054 0.0013490283163264394 2
1608582775207 0.0004980700323358178 2
1608582775345 0.00146525411400944 2
1608582775479 0.006023001857101917 2
1608582775630 0.09508423507213593 2
1608582775767 0.03614158555865288 2
1608582775905 0.058941710740327835 2
1608582776098 0.0029551228508353233 2
1608582776224 0.002945713698863983 2
1608582776349 0.006305081769824028 2
1608582776481 0.21802616119384766 2
1608582776678 0.3516041934490204 2
1608582776806 0.015408811159431934 2
1608582777090 0.0005574385286308825 2
1608582777236 0.2552850842475891 2
1608582777355 0.0033519186545163393 2
