1608583271897 2.3054006099700928 1
1608583272046 2.377336025238037 1
1608583272178 2.432109832763672 1
1608583272306 2.160216808319092 1
1608583272429 1.8238850831985474 1
1608583272561 1.8504832983016968 1
1608583272671 1.7076609134674072 1
1608583272786 1.515904188156128 1
1608583272921 1.2966653108596802 1
1608583273046 1.6884665489196777 1
1608583273162 1.3597761392593384 1
1608583273284 1.2546613216400146 1
1608583273413 1.177436113357544 1
1608583273553 1.2450244426727295 1
1608583273684 1.049556851387024 1
1608583273809 0.8993903994560242 1
1608583273943 1.0995210409164429 1
1608583274068 1.0496189594268799 1
1608583274179 0.7653358578681946 1
1608583274294 0.8831831812858582 1
1608583274416 0.8428845405578613 1
1608583274552 0.9918550252914429 1
1608583274685 0.8523795008659363 1
1608583274822 0.5529791712760925 1
1608583274947 0.5577016472816467 1
1608583275072 0.3528273105621338 1
1608583275193 0.31260499358177185 1
1608583275325 0.3868005573749542 1
1608583275455 0.5806180834770203 1
1608583275604 0.636213481426239 1
1608583275726 0.5870473980903625 1
1608583275831 0.45032694935798645 1
1608583275958 0.4257398247718811 1
1608583276108 0.28448811173439026 1
1608583276242 0.3118765950202942 1
1608583276402 0.3383429944515228 1
1608583276544 0.49310171604156494 1
1608583276846 0.5996603965759277 1
1608583277007 0.45904219150543213 1
1608583277153 0.19111871719360352 1
1608583277262 0.3686783015727997 1
1608583277387 0.5808104872703552 1
1608583277527 0.5933241248130798 1
1608583277699 0.3409908711910248 1
1608583277831 0.23888204991817474 1
1608583277996 0.3415476977825165 1
1608583278136 0.3061037063598633 1
1608583278436 0.6044713258743286 1
1608583278621 0.38797080516815186 1
1608583278784 0.29481688141822815 1
1608583278905 0.4681107699871063 1
1608583279048 0.3322713375091553 1
1608583279189 0.32807379961013794 1
1608583279343 0.43983957171440125 1
1608583279505 0.31089457869529724 1
1608583279684 0.3506675362586975 1
1608583279807 0.17124836146831512 1
1608583279923 0.3248654305934906 1
1608583280049 0.4926817715167999 1
1608583280185 0.2874089181423187 1
1608583280324 0.2643347382545471 1
1608583280459 0.1273510903120041 1
1608583280578 0.3448675870895386 1
1608583280712 0.29484471678733826 1
1608583280837 0.37717026472091675 1
1608583280975 0.3006758391857147 1
1608583281120 0.22256825864315033 1
1608583281257 0.29503005743026733 1
1608583281379 0.3108235001564026 1
1608583281511 0.29323261976242065 1
1608583281659 0.2882640063762665 1
1608583281801 0.24286490678787231 1
1608583281954 0.2802867293357849 1
1608583282086 0.2617369592189789 1
1608583282199 0.465386301279068 1
1608583282341 0.3240519165992737 1
1608583282463 0.2132495790719986 1
1608583282722 0.45180195569992065 1
1608583282892 0.20741628110408783 1
1608583283105 0.21513450145721436 1
1608583283252 0.5798781514167786 1
1608583283376 0.3280036151409149 1
1608583283529 0.28208649158477783 1
1608583283651 0.25454607605934143 1
1608583283753 0.13084512948989868 1
1608583283861 0.17776727676391602 1
1608583283972 0.44209522008895874 1
1608583284097 0.23142893612384796 1
1608583284232 0.23886774480342865 1
1608583284360 0.40883108973503113 1
1608583284483 0.22597134113311768 1
1608583284677 0.24028800427913666 1
1608583284872 0.2690432667732239 1
1608583285044 0.21441033482551575 1
1608583285186 0.15317414700984955 1
1608583285296 0.2014874964952469 1
1608583285408 0.11635644733905792 1
1608583285554 0.2788224518299103 1
1608583285717 0.25795555114746094 1
1608583285926 0.2841470539569855 1
1608583286074 0.23543530702590942 1
1608583286199 0.42265745997428894 1
1608583286315 0.16193515062332153 1
1608583286448 0.1372496336698532 1
1608583286582 0.2624244689941406 1
1608583286706 0.18933025002479553 1
1608583286816 0.28952887654304504 1
1608583286937 0.40687060356140137 1
1608583287057 0.33186203241348267 1
1608583287168 0.3910849988460541 1
1608583287282 0.33419331908226013 1
1608583287434 0.28792768716812134 1
1608583287571 0.3150280714035034 1
1608583287700 0.3730228841304779 1
1608583287808 0.22008930146694183 1
1608583287916 0.1463042050600052 1
1608583288015 0.12343697249889374 1
1608583288119 0.2201572060585022 1
1608583288219 0.13339373469352722 1
1608583288327 0.27218374609947205 1
1608583288453 0.20537693798542023 1
1608583288601 0.2811945676803589 1
1608583288769 0.20801907777786255 1
1608583288889 0.2728426158428192 1
1608583288993 0.28961896896362305 1
1608583289095 0.18063156306743622 1
1608583289201 0.3129711151123047 1
1608583289313 0.1160203069448471 1
1608583289427 0.4753921627998352 1
1608583289547 0.36752283573150635 1
1608583289669 0.22412905097007751 1
1608583289835 0.15777333080768585 1
1608583289963 0.49781420826911926 1
1608583290080 0.09048231691122055 1
1608583290205 0.20145171880722046 1
1608583290332 0.49380794167518616 1
1608583290496 0.552547812461853 1
1608583290646 0.3368184566497803 1
1608583290763 0.3389643132686615 1
1608583290876 0.3744600713253021 1
1608583291018 0.26877710223197937 1
1608583291181 0.07756748050451279 1
1608583291364 0.38683825731277466 1
1608583291608 0.14751361310482025 1
1608583291880 0.31230616569519043 1
1608583292087 0.21854758262634277 1
1608583292227 0.3673386573791504 1
1608583292352 0.30607888102531433 1
1608583292568 0.31716543436050415 1
1608583292708 0.19973322749137878 1
1608583292859 0.11061564087867737 1
1608583293003 0.06291833519935608 1
1608583293156 0.261810302734375 1
1608583293325 0.08191459625959396 1
1608583293455 0.06461888551712036 1
1608583293573 0.08081189543008804 1
1608583293694 0.21891635656356812 1
1608583293811 0.27234145998954773 1
1608583293939 0.24771873652935028 1
1608583294082 0.28484290838241577 1
1608583294203 0.2591628432273865 1
1608583294326 0.14022666215896606 1
1608583294463 0.04610263928771019 1
1608583294584 0.07460574805736542 1
1608583294710 0.029460271820425987 1
1608583294892 0.0448465496301651 1
1608583295097 0.050007425248622894 1
1608583295278 0.14925003051757812 1
1608583295424 0.1314225196838379 1
1608583295559 0.1851664036512375 1
1608583295686 0.09080974757671356 1
1608583295801 0.20391184091567993 1
1608583295934 0.17417004704475403 1
1608583296051 0.1649273782968521 1
1608583296169 0.17091743648052216 1
1608583296300 0.24904893338680267 1
1608583296427 0.18140432238578796 1
1608583296572 0.18762734532356262 1
1608583296731 0.1402781456708908 1
1608583296887 0.14667193591594696 1
1608583297041 0.45031431317329407 1
1608583297180 0.3792555630207062 1
1608583297311 0.37574082612991333 1
1608583297437 0.26003724336624146 1
1608583297556 0.140894815325737 1
1608583297659 0.22968493402004242 1
1608583297769 0.16486284136772156 1
1608583297887 0.19878144562244415 1
1608583298009 0.38166332244873047 1
1608583298179 0.12997610867023468 1
1608583298388 0.27160343527793884 1
1608583298596 0.24771705269813538 1
1608583298791 0.2050425261259079 1
1608583299005 0.2607087194919586 1
1608583299205 0.11076846718788147 1
1608583299377 0.24432025849819183 1
1608583299494 0.38669025897979736 1
1608583299605 0.4448484182357788 1
1608583299723 0.13673369586467743 1
1608583299852 0.15834419429302216 1
1608583299977 0.2537100911140442 1
1608583300118 0.1358407884836197 1
1608583300262 0.20704446732997894 1
1608583300389 0.26836830377578735 1
1608583300551 0.24125418066978455 1
1608583300691 0.24947325885295868 1
1608583300817 0.15477360785007477 1
1608583300954 0.1784629225730896 1
1608583301063 0.13547144830226898 1
1608583301167 0.2368602752685547 1
1608583301275 0.2108496129512787 1
1608583301387 0.1861995905637741 1
1608583301502 0.03458709269762039 1
1608583301618 0.14754532277584076 1
1608583301740 0.31938230991363525 1
1608583301863 0.08853457123041153 1
1608583301986 0.14663930237293243 1
1608583302112 0.2747543752193451 1
1608583302230 0.4240829348564148 1
1608583302352 0.19529113173484802 1
1608583302474 0.12465250492095947 1
1608583302595 0.1977842003107071 1
1608583302704 0.17402377724647522 1
1608583302809 0.260483980178833 1
1608583302915 0.3149704337120056 1
1608583303026 0.10975459218025208 1
1608583303139 0.11326056718826294 1
1608583303255 0.29801008105278015 1
1608583303366 0.19889140129089355 1
1608583303487 0.1350308507680893 1
1608583303610 0.38332733511924744 1
1608583303733 0.21395444869995117 1
1608583303858 0.11739583313465118 1
1608583303991 0.13683979213237762 1
1608583304170 0.020253628492355347 1
1608583304379 0.08623646199703217 1
1608583304582 0.3896024227142334 1
1608583304776 0.1436445116996765 1
1608583304952 0.1263282746076584 1
1608583305091 0.0882592722773552 1
1608583305222 0.1326095014810562 1
1608583305371 0.2667931020259857 1
1608583305524 0.16480949521064758 1
1608583305670 0.0903330147266388 1
1608583305805 0.07175785303115845 1
1608583305935 0.10825242102146149 1
1608583306105 0.09617017954587936 1
1608583306253 0.2681320905685425 1
1608583306369 0.11541526764631271 1
1608583306480 0.3366495370864868 1
1608583306604 0.11478482931852341 1
1608583306722 0.07295051217079163 1
1608583306842 0.16505300998687744 1
1608583306979 0.05025206506252289 1
1608583307123 0.08922404795885086 1
1608583307268 0.09886384755373001 1
1608583307412 0.17993569374084473 1
1608583307550 0.11000511050224304 1
1608583307687 0.1496058702468872 1
1608583307826 0.16451813280582428 1
1608583307960 0.16838973760604858 1
1608583308077 0.2698434591293335 1
1608583308188 0.10358987003564835 1
1608583308298 0.07969052344560623 1
1608583308411 0.17675451934337616 1
1608583308526 0.1584913283586502 1
1608583308646 0.1093035414814949 1
1608583308768 0.12305166572332382 1
1608583308897 0.040046729147434235 1
1608583309019 0.13173790276050568 1
1608583309142 0.08378174155950546 1
1608583309255 0.10803808271884918 1
1608583309381 0.07515808194875717 1
1608583309502 0.12353058159351349 1
1608583309612 0.20749858021736145 1
1608583309715 0.16645735502243042 1
1608583309818 0.10760073363780975 1
1608583309920 0.40009474754333496 1
1608583310027 0.22565636038780212 1
1608583310138 0.179740309715271 1
1608583310252 0.1980016529560089 1
1608583310363 0.11458928883075714 1
1608583310479 0.24371911585330963 1
1608583310596 0.16837665438652039 1
1608583310718 0.057792432606220245 1
1608583310838 0.13775032758712769 1
1608583310955 0.22753901779651642 1
1608583311071 0.10219644755125046 1
1608583311194 0.12864884734153748 1
1608583311317 0.04109589383006096 1
1608583311443 0.17314094305038452 1
1608583311556 0.06474599242210388 1
1608583311673 0.1305144876241684 1
1608583311791 0.13071824610233307 1
1608583311917 0.05531863868236542 1
1608583312042 0.03361628204584122 1
1608583312164 0.042378950864076614 1
1608583312286 0.0529700331389904 1
1608583312412 0.3353274166584015 1
1608583312537 0.19518987834453583 1
1608583312661 0.28713706135749817 1
1608583312779 0.09527852386236191 1
1608583312908 0.319782018661499 1
1608583313041 0.07018101215362549 1
1608583313162 0.20466922223567963 1
1608583313294 0.1821325272321701 1
1608583313416 0.06638608127832413 1
1608583313536 0.0382937416434288 1
1608583313657 0.00797965470701456 1
1608583313786 0.1697949469089508 1
1608583313934 0.06781797856092453 1
1608583314070 0.031029995530843735 1
1608583314259 0.2044345736503601 1
1608583314471 0.21945296227931976 1
1608583314697 0.08625823259353638 1
1608583314886 0.24663981795310974 1
1608583315095 0.10032228380441666 1
1608583315295 0.3103969991207123 1
1608583315464 0.1773538440465927 1
1608583315605 0.11611128598451614 1
1608583315735 0.04094478115439415 1
1608583315874 0.1669793576002121 1
1608583316038 0.2787564992904663 1
1608583316157 0.1721946746110916 1
1608583316275 0.2536199390888214 1
1608583316401 0.1091320812702179 1
1608583316557 0.33614519238471985 1
1608583316700 0.3219614326953888 1
1608583316826 0.09973292052745819 1
1608583316955 0.1542724221944809 1
1608583317089 0.23707719147205353 1
1608583317218 0.06885408610105515 1
1608583317346 0.10174459964036942 1
1608583317470 0.06679806113243103 1
1608583317599 0.11249569803476334 1
1608583317720 0.07332836091518402 1
1608583317851 0.04348733276128769 1
1608583317984 0.18818558752536774 1
1608583318106 0.06555444747209549 1
1608583318208 0.027791932225227356 1
1608583318316 0.012166101485490799 1
1608583318439 0.04888274893164635 1
1608583318571 0.3164185881614685 1
1608583318704 0.115135058760643 1
1608583318829 0.04447440803050995 1
1608583318963 0.22738535702228546 1
1608583319088 0.17174780368804932 1
1608583319211 0.20043553411960602 1
1608583319340 0.1987912654876709 1
1608583319464 0.024134336039423943 1
1608583319590 0.0734635591506958 1
1608583319717 0.2946602702140808 1
1608583319830 0.2261934131383896 1
1608583319937 0.22190755605697632 1
1608583320045 0.1037067323923111 1
1608583320157 0.29406726360321045 1
1608583320269 0.09831014275550842 1
1608583320384 0.03299110382795334 1
1608583320495 0.023883648216724396 1
1608583320619 0.05014641210436821 1
1608583320743 0.24444884061813354 1
1608583320865 0.13028071820735931 1
1608583320981 0.11300887167453766 1
1608583321088 0.02820848487317562 1
1608583321217 0.08500221371650696 1
1608583321378 0.09433325380086899 1
1608583321530 0.08527903258800507 1
1608583321676 0.02356276661157608 1
1608583321821 0.17528848350048065 1
1608583321950 0.05383371189236641 1
1608583322064 0.10131575912237167 1
1608583322177 0.13603173196315765 1
1608583322303 0.19281917810440063 1
1608583322432 0.2036333978176117 1
1608583322564 0.11468268930912018 1
1608583322697 0.192312091588974 1
1608583322825 0.03252290189266205 1
1608583322964 0.08707080036401749 1
1608583323161 0.06719530373811722 1
1608583323357 0.08484868705272675 1
1608583323566 0.014487586915493011 1
1608583323756 0.07609093189239502 1
1608583323940 0.1045142188668251 1
1608583324076 0.08352679014205933 1
1608583324212 0.21772518754005432 1
1608583324343 0.1967640221118927 1
1608583324465 0.1747223138809204 1
1608583324595 0.23733019828796387 1
1608583324721 0.07457084953784943 1
1608583324838 0.0665416345000267 1
1608583324980 0.12488679587841034 1
1608583325105 0.07038741558790207 1
1608583325217 0.026308279484510422 1
1608583325356 0.08928454667329788 1
1608583325492 0.1972191333770752 1
1608583325615 0.3119180500507355 1
1608583325729 0.066987544298172 1
1608583325855 0.02134762331843376 1
1608583326001 0.23056964576244354 1
1608583326134 0.2756316363811493 1
1608583326259 0.07007607072591782 1
1608583326384 0.12171542644500732 1
1608583326503 0.1640467792749405 1
1608583326627 0.3109443187713623 1
1608583326760 0.10245108604431152 1
1608583326894 0.10067318379878998 1
1608583327007 0.10547728836536407 1
1608583327115 0.13959072530269623 1
1608583327227 0.08818993717432022 1
1608583327345 0.0616174153983593 1
1608583327460 0.07524456083774567 1
1608583327588 0.10660623013973236 1
1608583327707 0.18088015913963318 1
1608583327861 0.12365087121725082 1
1608583328069 0.0752558559179306 1
1608583328259 0.17654666304588318 1
1608583328396 0.376030296087265 1
1608583328546 0.22480501234531403 1
1608583328747 0.08295445889234543 1
1608583328923 0.11986487358808517 1
1608583329050 0.3106941878795624 1
1608583329186 0.04536346718668938 1
1608583329315 0.16688521206378937 1
1608583329439 0.16801327466964722 1
1608583329558 0.24975435435771942 1
1608583329670 0.2522469460964203 1
1608583329794 0.13716989755630493 1
1608583329936 0.05092433840036392 1
1608583330083 0.07292947918176651 1
1608583330240 0.21806390583515167 1
1608583330387 0.2602927088737488 1
1608583330501 0.20718435943126678 1
1608583330626 0.1572907269001007 1
1608583330749 0.058633774518966675 1
1608583330861 0.1638631373643875 1
1608583330983 0.0916416123509407 1
1608583331108 0.053148746490478516 1
1608583331233 0.03878198564052582 1
1608583331358 0.0361260287463665 1
1608583331494 0.2605245113372803 1
1608583331617 0.09853529185056686 1
1608583331753 0.06572785973548889 1
1608583331884 0.026983890682458878 1
1608583332013 0.42145323753356934 1
1608583332140 0.15845699608325958 1
1608583332255 0.06345155835151672 1
1608583332373 0.08681534975767136 1
1608583332479 0.33273062109947205 1
1608583332621 0.09405114501714706 1
1608583332765 0.09246905893087387 1
1608583332921 0.14836496114730835 1
1608583333071 0.026965901255607605 1
1608583333197 0.10542977601289749 1
1608583333323 0.13428261876106262 1
1608583333455 0.12474863976240158 1
1608583333575 0.18132136762142181 1
1608583333701 0.16901487112045288 1
1608583333806 0.049108486622571945 1
1608583333915 0.07749592512845993 1
1608583334047 0.26120200753211975 1
1608583334175 0.04900379851460457 1
1608583334325 0.07129082828760147 1
1608583334471 0.10729977488517761 1
1608583334625 0.1007167249917984 1
1608583334753 0.19119670987129211 1
1608583334874 0.048592936247587204 1
1608583335019 0.17091302573680878 1
1608583335159 0.1509810984134674 1
1608583335288 0.28071409463882446 1
1608583335423 0.15232720971107483 1
1608583335561 0.17953231930732727 1
1608583335677 0.09521506726741791 1
1608583335784 0.07193545252084732 1
1608583335905 0.034533701837062836 1
1608583336030 0.07329165190458298 1
1608583336160 0.044173967093229294 1
1608583336282 0.2145095020532608 1
1608583336419 0.26838526129722595 1
1608583336548 0.18105043470859528 1
1608583336680 0.045753709971904755 1
1608583336824 0.05615491420030594 1
1608583336983 0.1947014033794403 1
1608583337138 0.10208998620510101 1
1608583337294 0.056152716279029846 1
1608583337429 0.12816648185253143 1
1608583337557 0.10698432475328445 1
1608583337688 0.12921571731567383 1
1608583337815 0.18335410952568054 1
1608583337949 0.12785036861896515 1
1608583338089 0.11826851218938828 1
1608583338213 0.10636977851390839 1
1608583338345 0.08671901375055313 1
1608583338481 0.11454425752162933 1
1608583338617 0.12675100564956665 1
1608583338752 0.20125947892665863 1
1608583338893 0.23369108140468597 1
1608583339031 0.19357356429100037 1
1608583339159 0.12800651788711548 1
1608583339277 0.045023880898952484 1
1608583339408 0.14017720520496368 1
1608583339533 0.20776508748531342 1
1608583339663 0.15102353692054749 1
1608583339805 0.0829501524567604 1
1608583339960 0.06730932742357254 1
1608583340106 0.1819162517786026 1
1608583340246 0.31571561098098755 1
1608583340388 0.11265743523836136 1
1608583340511 0.20708110928535461 1
1608583340633 0.16203752160072327 1
1608583340743 0.02381785400211811 1
1608583340845 0.10783781111240387 1
1608583340956 0.09457346796989441 1
1608583341066 0.2667258381843567 1
1608583341182 0.29801085591316223 1
1608583341301 0.04496539384126663 1
1608583341432 0.01837746798992157 1
1608583341569 0.2692562937736511 1
1608583341713 0.13004401326179504 1
1608583341859 0.03856922313570976 1
1608583342012 0.12790895998477936 1
1608583342170 0.05971219390630722 1
1608583342302 0.1548262983560562 1
1608583342418 0.09145691245794296 1
1608583342544 0.0768541544675827 1
1608583342728 0.120699442923069 1
1608583342863 0.021715326234698296 1
1608583342979 0.1119961068034172 1
1608583343126 0.09718813002109528 1
1608583343308 0.08654718101024628 1
1608583343508 0.014026354998350143 1
1608583343709 0.017481056973338127 1
1608583343917 0.03774556145071983 1
1608583344134 0.1212659478187561 1
1608583344371 0.06149109825491905 1
1608583344738 0.10753405094146729 1
1608583345467 0.05496673285961151 1
1608583345755 0.032641004770994186 1
1608583345953 0.2192438840866089 1
1608583346137 0.11643442511558533 1
1608583346400 0.17248541116714478 1
1608583346665 0.013568690046668053 1
1608583346848 0.23700305819511414 1
1608583347036 0.17198073863983154 1
1608583347185 0.059949688613414764 1
1608583347312 0.2928104102611542 1
1608583347437 0.11307942122220993 1
1608583347556 0.16944357752799988 1
1608583347667 0.1119324117898941 1
1608583347783 0.04679087921977043 1
1608583347908 0.14924059808254242 1
1608583348063 0.2272162139415741 1
1608583348210 0.04586450010538101 1
1608583348358 0.027244925498962402 1
1608583348479 0.047076258808374405 1
1608583348593 0.381964772939682 1
1608583348707 0.08342745900154114 1
1608583348819 0.16244138777256012 1
1608583348934 0.043290942907333374 1
1608583349098 0.08953893184661865 1
1608583349285 0.008533567190170288 1
1608583349432 0.18649433553218842 1
1608583349578 0.16163133084774017 1
1608583349737 0.0972311794757843 1
1608583349861 0.1811535805463791 1
1608583350000 0.05390630662441254 1
1608583350130 0.054857321083545685 1
1608583350231 0.17557571828365326 1
1608583350344 0.06654807180166245 1
1608583350486 0.03368828445672989 1
1608583350619 0.19003276526927948 1
1608583350773 0.03900645673274994 1
1608583350947 0.1446482390165329 1
1608583351072 0.028333468362689018 1
1608583351200 0.1644340455532074 1
1608583351312 0.15634848177433014 1
1608583351429 0.045929811894893646 1
1608583351575 0.11952725052833557 1
1608583351705 0.05903992801904678 1
1608583351817 0.3594695031642914 1
1608583351930 0.3224237561225891 1
1608583352045 0.08682835847139359 1
1608583352191 0.02807811088860035 1
1608583352325 0.12176728993654251 1
1608583352471 0.18116869032382965 1
1608583352617 0.13795499503612518 1
1608583352757 0.1384730190038681 1
1608583352877 0.18425855040550232 1
1608583353011 0.0664617195725441 1
1608583353149 0.08780784159898758 1
1608583353272 0.1505100578069687 1
1608583353395 0.12408913671970367 1
1608583353515 0.14232730865478516 1
1608583353639 0.09594116359949112 1
1608583353759 0.03642512112855911 1
1608583353877 0.12931744754314423 1
1608583353998 0.07899296283721924 1
1608583354115 0.02591436542570591 1
1608583354238 0.07059381902217865 1
1608583354359 0.042975738644599915 1
1608583354463 0.19772382080554962 1
1608583354579 0.14564239978790283 1
1608583354712 0.1847030520439148 1
1608583354846 0.1059115082025528 1
1608583354989 0.18997469544410706 1
1608583355118 0.16687066853046417 1
1608583355262 0.021756423637270927 1
1608583355401 0.02493489347398281 1
1608583355533 0.0245760977268219 1
1608583355668 0.09096723049879074 1
1608583355802 0.08982603251934052 1
1608583355941 0.037566762417554855 1
1608583356067 0.06760741770267487 1
1608583356201 0.10810436308383942 1
1608583356342 0.09016956388950348 1
1608583356482 0.29123473167419434 1
1608583356621 0.32986509799957275 1
1608583356763 0.12633660435676575 1
1608583356901 0.10983917862176895 1
1608583357028 0.09787458181381226 1
1608583357151 0.13386961817741394 1
1608583357280 0.016049304977059364 1
1608583357414 0.12614603340625763 1
1608583357561 0.02183620259165764 1
1608583357697 0.10406223684549332 1
1608583357816 0.11750109493732452 1
1608583357943 0.14380452036857605 1
1608583358068 0.07063978910446167 1
1608583358207 0.10388962924480438 1
1608583358342 0.17005513608455658 1
1608583358484 0.12267161905765533 1
1608583358630 0.06624140590429306 1
1608583358773 0.0598943755030632 1
1608583358917 0.07652530819177628 1
1608583359041 0.11476486176252365 1
1608583359173 0.12073955684900284 1
1608583359306 0.18117322027683258 1
1608583359431 0.0811348706483841 1
1608583359555 0.1337757557630539 1
1608583359687 0.06634090840816498 1
1608583359834 0.05655089020729065 1
1608583359967 0.10410331934690475 1
1608583360097 0.15993188321590424 1
1608583360223 0.03697185963392258 1
1608583360354 0.10313156992197037 1
1608583360489 0.13002505898475647 1
1608583360613 0.21630536019802094 1
1608583360730 0.2198130339384079 1
1608583360844 0.25667476654052734 1
1608583360979 0.07575255632400513 1
1608583361106 0.11254603415727615 1
1608583361213 0.10983603447675705 1
1608583361318 0.04923723638057709 1
1608583361430 0.07669372111558914 1
1608583361547 0.12722031772136688 1
1608583361664 0.10469438880681992 1
1608583361781 0.0820409506559372 1
1608583361904 0.10654708743095398 1
1608583362028 0.03080914169549942 1
1608583362156 0.10005932301282883 1
1608583362288 0.07551861554384232 1
1608583362418 0.08891195058822632 1
1608583362544 0.06425270438194275 1
1608583362676 0.22344808280467987 1
1608583362813 0.23708476126194 1
1608583362931 0.09503789246082306 1
1608583363048 0.12312164157629013 1
1608583363158 0.09478422999382019 1
1608583363269 0.09363222122192383 1
1608583363385 0.031715020537376404 1
1608583363504 0.14439469575881958 1
1608583363621 0.07773858308792114 1
1608583363747 0.0885223001241684 1
1608583363873 0.24861325323581696 1
1608583363999 0.0936519205570221 1
1608583364116 0.10906098783016205 1
1608583364239 0.2834818661212921 1
1608583364361 0.02163098007440567 1
1608583364486 0.09052007645368576 1
1608583364604 0.1824198216199875 1
1608583364716 0.04852251335978508 1
1608583364822 0.22172285616397858 1
1608583364945 0.0919206291437149 1
1608583365066 0.14271584153175354 1
1608583365191 0.039245739579200745 1
1608583365318 0.138802632689476 1
1608583365449 0.16798700392246246 1
1608583365582 0.08360343426465988 1
1608583365715 0.1332131177186966 1
1608583365850 0.15998807549476624 1
1608583365974 0.09044494479894638 1
1608583366098 0.04904114454984665 1
1608583366221 0.17991362512111664 1
1608583366360 0.0423707515001297 1
1608583366475 0.1057918593287468 1
1608583366581 0.2387116551399231 1
1608583366688 0.2410137951374054 1
1608583366800 0.030645260587334633 1
1608583366938 0.038980625569820404 1
1608583367091 0.08859287947416306 1
1608583367223 0.04525063931941986 1
1608583367355 0.15500853955745697 1
1608583367483 0.11248805373907089 1
1608583367613 0.07090184092521667 1
1608583367732 0.11629576236009598 1
1608583367853 0.06370870769023895 1
1608583367977 0.14050331711769104 1
1608583368110 0.07152445614337921 1
1608583368242 0.030246417969465256 1
1608583368369 0.13051491975784302 1
1608583368496 0.09859832376241684 1
1608583368656 0.20210692286491394 1
1608583368877 0.08219148218631744 1
1608583369031 0.2963051497936249 1
1608583369177 0.12901252508163452 1
1608583369322 0.07243985682725906 1
1608583369465 0.24755731225013733 1
1608583369598 0.06843593716621399 1
1608583369754 0.10690897703170776 1
1608583369908 0.09306903183460236 1
1608583370050 0.12302641570568085 1
1608583370192 0.15878863632678986 1
1608583370328 0.06023397296667099 1
1608583370478 0.16267329454421997 1
1608583370622 0.2643090784549713 1
1608583370783 0.09014153480529785 1
1608583370942 0.17172971367835999 1
1608583371116 0.07247790694236755 1
1608583371268 0.05416760966181755 1
1608583371421 0.02699023112654686 1
1608583371573 0.0956159308552742 1
1608583371702 0.17047981917858124 1
1608583371814 0.08255191892385483 1
1608583371940 0.16966190934181213 1
1608583372098 0.06725351512432098 1
1608583372247 0.21989808976650238 1
1608583372401 0.12468241900205612 1
1608583372562 0.039916131645441055 1
1608583372720 0.09411050379276276 1
1608583372877 0.22044222056865692 1
1608583373028 0.10038350522518158 1
1608583373168 0.13297370076179504 1
1608583373323 0.21823185682296753 1
1608583373481 0.09636644273996353 1
1608583373628 0.08728153258562088 1
1608583373767 0.05007569491863251 1
1608583373906 0.03197626769542694 1
1608583374054 0.06815401464700699 1
1608583374190 0.07865862548351288 1
1608583374313 0.2427741289138794 1
1608583374439 0.06486856937408447 1
1608583374571 0.06965858489274979 1
1608583374701 0.1141316220164299 1
1608583374831 0.030004963278770447 1
1608583374960 0.06023171544075012 1
1608583375098 0.11440560221672058 1
1608583375224 0.1356121301651001 1
1608583375336 0.09977254271507263 1
1608583375447 0.07266886532306671 1
1608583375604 0.056290511041879654 1
1608583375756 0.035643815994262695 1
1608583375911 0.022371573373675346 1
1608583376068 0.033071719110012054 1
1608583376231 0.04326745495200157 1
1608583376375 0.032946519553661346 1
1608583376508 0.2538376450538635 1
1608583376652 0.35493674874305725 1
1608583376820 0.17896094918251038 1
1608583376966 0.13284462690353394 1
1608583377100 0.3126045763492584 1
1608583377223 0.08232728391885757 1
1608583377356 0.05865101516246796 1
1608583377500 0.057118870317935944 1
1608583377648 0.026619508862495422 1
1608583377789 0.16273024678230286 1
1608583377916 0.4325588047504425 1
1608583378064 0.06838592886924744 1
1608583378209 0.06859691441059113 1
1608583378342 0.08816218376159668 1
1608583378469 0.07980743795633316 1
1608583378600 0.2561214864253998 1
1608583378737 0.06256796419620514 1
1608583378851 0.014880829490721226 1
1608583378973 0.06926783919334412 1
1608583379100 0.07132265716791153 1
1608583379243 0.2490418553352356 1
1608583379381 0.1666773110628128 1
1608583379526 0.15412040054798126 1
1608583379678 0.3786918818950653 1
1608583379826 0.05093427002429962 1
1608583379967 0.19738467037677765 1
1608583380114 0.10232774913311005 1
1608583380259 0.09909594804048538 1
1608583380377 0.05648074299097061 1
1608583380491 0.08557498455047607 1
1608583380613 0.03052477166056633 1
1608583380733 0.1367122232913971 1
1608583380852 0.06063568964600563 1
1608583380971 0.015281104482710361 1
1608583381104 0.015456011518836021 1
1608583381237 0.024937374517321587 1
1608583381375 0.2860671281814575 1
1608583381518 0.10773921012878418 1
1608583381655 0.07296685874462128 1
1608583381798 0.057765230536460876 1
1608583381928 0.08727627992630005 1
1608583382049 0.07552775740623474 1
1608583382175 0.010948508977890015 1
1608583382304 0.02652043290436268 1
1608583382435 0.17968901991844177 1
1608583382569 0.01848842203617096 1
1608583382727 0.02098509855568409 1
1608583382903 0.12687574326992035 1
1608583383093 0.19149599969387054 1
1608583383292 0.09429441392421722 1
1608583383534 0.1987248957157135 1
1608583383769 0.08757030218839645 1
1608583383965 0.051461756229400635 1
1608583384190 0.15254457294940948 1
1608583384419 0.024752067402005196 1
1608583384628 0.05272388830780983 1
1608583384778 0.02990388125181198 1
1608583384920 0.06545846164226532 1
1608583385052 0.028611062094569206 1
1608583385199 0.0500994548201561 1
1608583385391 0.06685906648635864 1
1608583385556 0.14616315066814423 1
1608583385746 0.16755448281764984 1
1608583385882 0.28968727588653564 1
1608583386010 0.05437907204031944 1
1608583386133 0.024989599362015724 1
1608583386257 0.18620839715003967 1
1608583386380 0.07328376173973083 1
1608583386505 0.047263845801353455 1
1608583386637 0.026506658643484116 1
1608583386765 0.035345230251550674 1
1608583386891 0.166111558675766 1
1608583387017 0.0050383093766868114 1
1608583387136 0.18026994168758392 1
1608583387258 0.07760091125965118 1
1608583387388 0.035909295082092285 1
1608583387502 0.07414331287145615 1
1608583387610 0.28353625535964966 1
1608583387720 0.0603848397731781 1
1608583387841 0.22116830945014954 1
1608583387963 0.10083460062742233 1
1608583388088 0.052084315568208694 1
1608583388223 0.0556153804063797 1
1608583388361 0.04943879693746567 1
1608583388493 0.042480695992708206 1
1608583388617 0.027960551902651787 1
1608583388740 0.08619997650384903 1
1608583388859 0.08752650022506714 1
1608583388994 0.0945969894528389 1
1608583389109 0.04176413267850876 1
1608583389227 0.04471485689282417 1
1608583389341 0.17005370557308197 1
1608583389468 0.028076859191060066 1
1608583389606 0.18957242369651794 1
1608583389729 0.21092797815799713 1
1608583389850 0.03605246543884277 1
1608583389978 0.028865622356534004 1
1608583390110 0.025616981089115143 1
1608583390244 0.10208619385957718 1
1608583390374 0.13129164278507233 1
1608583390504 0.23910726606845856 1
1608583390642 0.04038863629102707 1
1608583390781 0.05508697032928467 1
1608583390917 0.2204442322254181 1
1608583391050 0.1539946347475052 1
1608583391174 0.015194006264209747 1
1608583391305 0.09416782855987549 1
1608583391435 0.28590866923332214 1
1608583391568 0.20574718713760376 1
1608583391711 0.20896391570568085 1
1608583391851 0.027557633817195892 1
1608583391980 0.1691218465566635 1
1608583392108 0.03927045315504074 1
1608583392233 0.13755090534687042 1
1608583392366 0.1811162382364273 1
1608583392500 0.12166552990674973 1
1608583392629 0.09033609926700592 1
1608583392738 0.14710581302642822 1
1608583392854 0.21184279024600983 1
1608583392963 0.035525791347026825 1
1608583393074 0.12071717530488968 1
1608583393195 0.03285517543554306 1
1608583393323 0.04468078911304474 1
1608583393447 0.18655605614185333 1
1608583393575 0.04365832358598709 1
1608583393733 0.015196520835161209 1
1608583393874 0.1115671917796135 1
1608583394017 0.09444303810596466 1
1608583394161 0.026573630049824715 1
1608583394288 0.03867151960730553 1
1608583394421 0.06564078480005264 1
1608583394565 0.07353488355875015 1
1608583394685 0.07843616604804993 1
1608583394793 0.024851929396390915 1
1608583394904 0.030900590121746063 1
1608583395017 0.025578852742910385 1
1608583395144 0.10503721982240677 1
1608583395293 0.06551225483417511 1
1608583395433 0.2162865400314331 1
1608583395569 0.01719616912305355 1
1608583395715 0.004762341734021902 1
1608583395848 0.032952483743429184 1
1608583395974 0.0384010374546051 1
1608583396104 0.13900145888328552 1
1608583396226 0.00858977809548378 1
1608583396336 0.008883520029485226 1
1608583396456 0.022172750905156136 1
1608583396582 0.00561123713850975 1
1608583396731 0.00511074997484684 1
1608583396873 0.04254257678985596 1
1608583397012 0.0037949467077851295 1
1608583397145 0.005141407251358032 1
1608583397280 0.06010306254029274 1
1608583397413 0.00122477684635669 1
1608583397538 0.05925137177109718 1
1608583397658 0.03823399171233177 1
1608583397785 0.0236845500767231 1
1608583397907 0.010483907535672188 1
1608583398014 0.00045838404912501574 1
1608583398122 0.0007243159925565124 1
1608583398230 0.0037472834810614586 1
1608583398344 0.005108969286084175 1
1608583398465 0.13207393884658813 1
1608583398588 0.09969083219766617 1
1608583398713 0.04878802224993706 1
1608583398838 0.01838395558297634 1
1608583398965 0.002115804236382246 1
1608583399094 0.03842071816325188 1
1608583399217 0.21682894229888916 1
1608583399350 0.4815728962421417 1
1608583399477 0.026363393291831017 1
1608583399607 0.0020546650048345327 1
1608583399733 0.6106719374656677 1
1608583399813 0.07918744534254074 1
1608583399965 0.06086282432079315 2
1608583400095 0.08398280292749405 2
1608583400223 0.10542616993188858 2
1608583400355 0.08415442705154419 2
1608583400492 0.05388014018535614 2
1608583400630 0.08036771416664124 2
1608583400762 0.07084007561206818 2
1608583400900 0.3695785105228424 2
1608583401029 0.04101448878645897 2
1608583401174 0.08241062611341476 2
1608583401334 0.013575701974332333 2
1608583401471 0.0626986101269722 2
1608583401586 0.09608487039804459 2
1608583401693 0.13909706473350525 2
1608583401805 0.15983550250530243 2
1608583401931 0.10680167376995087 2
1608583402071 0.1871437132358551 2
1608583402195 0.1390400379896164 2
1608583402323 0.05106868967413902 2
1608583402446 0.09506922215223312 2
1608583402569 0.0764552652835846 2
1608583402713 0.2838592827320099 2
1608583402845 0.02599615603685379 2
1608583402969 0.05653098225593567 2
1608583403096 0.12331830710172653 2
1608583403231 0.12297184765338898 2
1608583403362 0.05977499857544899 2
1608583403490 0.10622640699148178 2
1608583403614 0.09797518700361252 2
1608583403741 0.03798781335353851 2
1608583403878 0.06975382566452026 2
1608583404093 0.09003913402557373 2
1608583404245 0.11705251783132553 2
1608583404395 0.03126935660839081 2
1608583404526 0.07362420111894608 2
1608583404665 0.025592375546693802 2
1608583404798 0.043026648461818695 2
1608583404941 0.20524512231349945 2
1608583405075 0.03740717098116875 2
1608583405190 0.04824187979102135 2
1608583405302 0.05603257939219475 2
1608583405418 0.09347620606422424 2
1608583405546 0.16190505027770996 2
1608583405669 0.05248003825545311 2
1608583405795 0.028156211599707603 2
1608583405942 0.10782571136951447 2
1608583406087 0.02390562929213047 2
1608583406245 0.039024289697408676 2
1608583406374 0.01715061441063881 2
1608583406508 0.015272178687155247 2
1608583406648 0.02604384906589985 2
1608583406782 0.11214926838874817 2
1608583406910 0.057617735117673874 2
1608583407025 0.01956137828528881 2
1608583407148 0.11849284172058105 2
1608583407278 0.10990650206804276 2
1608583407411 0.03518170863389969 2
1608583407535 0.12133488804101944 2
1608583407666 0.22036771476268768 2
1608583407801 0.05254027247428894 2
1608583407953 0.007726054172962904 2
1608583408090 0.015231219120323658 2
1608583408229 0.22486937046051025 2
1608583408363 0.0767880380153656 2
1608583408481 0.16879498958587646 2
1608583408604 0.059494782239198685 2
1608583408734 0.02619907632470131 2
1608583408860 0.02027106285095215 2
1608583408992 0.048399779945611954 2
1608583409122 0.20217104256153107 2
1608583409257 0.06754623353481293 2
1608583409394 0.07184301316738129 2
1608583409524 0.10530183464288712 2
1608583409656 0.017168695107102394 2
1608583409796 0.032503481954336166 2
1608583409912 0.009382822550833225 2
1608583410048 0.006145401392132044 2
1608583410170 0.15994994342327118 2
1608583410284 0.12703007459640503 2
1608583410390 0.04436923563480377 2
1608583410500 0.24981048703193665 2
1608583410615 0.038690660148859024 2
1608583410741 0.10922329127788544 2
1608583410861 0.24655656516551971 2
1608583410984 0.0530431903898716 2
1608583411117 0.03876286745071411 2
1608583411253 0.044293276965618134 2
1608583411390 0.026087425649166107 2
1608583411521 0.044592078775167465 2
1608583411652 0.21934503316879272 2
1608583411783 0.052736036479473114 2
1608583411926 0.15861959755420685 2
1608583412049 0.027144361287355423 2
1608583412168 0.03899934142827988 2
1608583412289 0.009446385316550732 2
1608583412405 0.35821500420570374 2
1608583412533 0.012638780288398266 2
1608583412678 0.05871647223830223 2
1608583412820 0.058941032737493515 2
1608583412971 0.059193938970565796 2
1608583413120 0.1987573653459549 2
1608583413244 0.08982173353433609 2
1608583413376 0.04644528403878212 2
1608583413523 0.03909500688314438 2
1608583413670 0.07393766939640045 2
1608583413802 0.028206318616867065 2
1608583413925 0.06300394237041473 2
1608583414045 0.17487145960330963 2
1608583414171 0.16711178421974182 2
1608583414312 0.1460624635219574 2
1608583414454 0.16866916418075562 2
1608583414617 0.048371702432632446 2
1608583414786 0.12290319800376892 2
1608583414942 0.12995027005672455 2
1608583415069 0.0406121127307415 2
1608583415205 0.011786100454628468 2
1608583415361 0.022818494588136673 2
1608583415490 0.043817032128572464 2
1608583415604 0.045409996062517166 2
1608583415712 0.01802581176161766 2
1608583415823 0.030162127688527107 2
1608583415945 0.04990357905626297 2
1608583416068 0.021103043109178543 2
1608583416201 0.03243167698383331 2
1608583416354 0.121941477060318 2
1608583416481 0.05067514628171921 2
1608583416621 0.17505459487438202 2
1608583416764 0.013272596523165703 2
1608583416899 0.24243241548538208 2
1608583417032 0.12086161971092224 2
1608583417163 0.01649400219321251 2
1608583417290 0.025994446128606796 2
1608583417435 0.11847424507141113 2
1608583417577 0.004651272669434547 2
1608583417710 0.012582794763147831 2
1608583417838 0.05810444429516792 2
1608583418005 0.2954558730125427 2
1608583418192 0.09543375670909882 2
1608583418398 0.290370374917984 2
1608583418621 0.033038098365068436 2
1608583418989 0.12896381318569183 2
1608583419162 0.01725795306265354 2
1608583419311 0.08325233310461044 2
1608583419446 0.03422093763947487 2
1608583419626 0.11704283952713013 2
1608583419826 0.03654143959283829 2
1608583420005 0.1264936625957489 2
1608583420135 0.11202184110879898 2
1608583420275 0.0779622346162796 2
1608583420451 0.029691243544220924 2
1608583420579 0.09107308089733124 2
1608583420712 0.00836146529763937 2
1608583420836 0.08544820547103882 2
1608583420960 0.0025158382486552 2
1608583421081 0.04762699082493782 2
1608583421197 0.033757105469703674 2
1608583421337 0.11362497508525848 2
1608583421489 0.1356760412454605 2
1608583421646 0.018846284598112106 2
1608583421778 0.12556631863117218 2
1608583421914 0.13076774775981903 2
1608583422041 0.02159971185028553 2
1608583422172 0.008399685844779015 2
1608583422306 0.013400635682046413 2
1608583422439 0.0027338392101228237 2
1608583422569 0.01511739194393158 2
1608583422699 0.00945076160132885 2
1608583422812 0.052269287407398224 2
1608583422921 0.17277152836322784 2
1608583423026 0.020109672099351883 2
1608583423134 0.009189816191792488 2
1608583423241 0.4871978461742401 2
1608583423348 0.07003973424434662 2
1608583423453 0.04473581537604332 2
1608583423560 0.005372397135943174 2
1608583423668 0.14988169074058533 2
1608583423779 0.02577277459204197 2
1608583423899 0.026959430426359177 2
1608583424016 0.01817023754119873 2
1608583424126 0.042127277702093124 2
1608583424240 0.18124404549598694 2
1608583424363 0.09125836938619614 2
1608583424497 0.036337170749902725 2
1608583424635 0.15160928666591644 2
1608583424778 0.034933239221572876 2
1608583424922 0.07680395990610123 2
1608583425057 0.06761332601308823 2
1608583425195 0.019867628812789917 2
1608583425331 0.06859145313501358 2
1608583425465 0.01299508661031723 2
1608583425590 0.09257534891366959 2
1608583425709 0.057590268552303314 2
1608583425829 0.043870653957128525 2
1608583425945 0.057959530502557755 2
1608583426067 0.03782691806554794 2
1608583426194 0.037520259618759155 2
1608583426321 0.16100414097309113 2
1608583426449 0.050664037466049194 2
1608583426573 0.03804106265306473 2
1608583426714 0.009209271520376205 2
1608583426856 0.02186622843146324 2
1608583426985 0.0979357436299324 2
1608583427138 0.06774517148733139 2
1608583427268 0.2178255319595337 2
1608583427393 0.07447084039449692 2
1608583427522 0.23347501456737518 2
1608583427699 0.1039566621184349 2
1608583427897 0.07296589761972427 2
1608583428113 0.018885381519794464 2
1608583428305 0.11527339369058609 2
1608583428819 0.10000822693109512 2
1608583429218 0.1380358636379242 2
1608583429425 0.015983903780579567 2
1608583429582 0.21981696784496307 2
1608583429750 0.13692925870418549 2
1608583429910 0.007352932821959257 2
1608583430051 0.08095012605190277 2
1608583430221 0.1089998334646225 2
1608583430406 0.1685369908809662 2
1608583430567 0.05026664957404137 2
1608583430726 0.022482847794890404 2
1608583430863 0.023154500871896744 2
1608583431011 0.04488382488489151 2
1608583431151 0.06968212872743607 2
1608583431266 0.163915753364563 2
1608583431396 0.01233675517141819 2
1608583431525 0.02993645891547203 2
1608583431679 0.22315509617328644 2
1608583431824 0.1268167793750763 2
1608583431958 0.021324556320905685 2
1608583432087 0.13276198506355286 2
1608583432217 0.04546474292874336 2
1608583432348 0.02710079774260521 2
1608583432470 0.07333400845527649 2
1608583432596 0.005629817023873329 2
1608583432712 0.014659467153251171 2
1608583432838 0.26282748579978943 2
1608583432949 0.008425367996096611 2
1608583433057 0.06378089636564255 2
1608583433164 0.057758182287216187 2
1608583433277 0.09616326540708542 2
1608583433404 0.14097411930561066 2
1608583433538 0.03235524892807007 2
1608583433661 0.04114159569144249 2
1608583433790 0.044041890650987625 2
1608583433928 0.01119606290012598 2
1608583434068 0.14693908393383026 2
1608583434209 0.0711083859205246 2
1608583434336 0.020210374146699905 2
1608583434483 0.2096448689699173 2
1608583434678 0.024772418662905693 2
1608583434822 0.020763926208019257 2
1608583434956 0.14686746895313263 2
1608583435120 0.1303049921989441 2
1608583435256 0.06546405702829361 2
1608583435396 0.12247496843338013 2
1608583435535 0.02097463235259056 2
1608583435678 0.022005008533596992 2
1608583435825 0.048527203500270844 2
1608583435964 0.01595270074903965 2
1608583436094 0.14728392660617828 2
1608583436249 0.09518159925937653 2
1608583436446 0.03436754643917084 2
1608583436556 0.013405521400272846 2
1608583436666 0.054299741983413696 2
1608583436795 0.16911648213863373 2
1608583436946 0.09771007299423218 2
1608583437074 0.08337278664112091 2
1608583437201 0.04392871633172035 2
1608583437338 0.05033588036894798 2
1608583437478 0.009872070513665676 2
1608583437651 0.058787960559129715 2
1608583437806 0.013280737213790417 2
1608583437935 0.03091864474117756 2
1608583438069 0.13169309496879578 2
1608583438210 0.04922303929924965 2
1608583438337 0.05614669620990753 2
1608583438445 0.20024323463439941 2
1608583438634 0.05451041832566261 2
1608583438844 0.05923229455947876 2
1608583438994 0.12135468423366547 2
1608583439147 0.09788002073764801 2
1608583439330 0.012240399606525898 2
1608583439483 0.13375818729400635 2
1608583439622 0.026249345391988754 2
1608583439787 0.04850935935974121 2
1608583439919 0.06585834175348282 2
1608583440027 0.05223318934440613 2
1608583440134 0.04766672104597092 2
1608583440252 0.021557947620749474 2
1608583440378 0.1394813060760498 2
1608583440511 0.09166067093610764 2
1608583440642 0.06717678904533386 2
1608583440773 0.0028122456278651953 2
1608583440904 0.058835551142692566 2
1608583441034 0.004794689826667309 2
1608583441177 0.050798576325178146 2
1608583441340 0.014016478322446346 2
1608583441474 0.2021941989660263 2
1608583441605 0.01548308040946722 2
1608583441719 0.023387029767036438 2
1608583441827 0.04834121838212013 2
1608583441958 0.10965512692928314 2
1608583442109 0.014026517979800701 2
1608583442282 0.10229180008172989 2
1608583442414 0.03954112157225609 2
1608583442538 0.06312922388315201 2
1608583442677 0.06272915005683899 2
1608583442814 0.0062813106924295425 2
1608583442963 0.03927074372768402 2
1608583443099 0.06015392392873764 2
1608583443232 0.14337459206581116 2
1608583443359 0.01802128553390503 2
1608583443479 0.04679829254746437 2
1608583443617 0.020389964804053307 2
1608583443778 0.09009824693202972 2
1608583443911 0.03308626636862755 2
1608583444069 0.19660992920398712 2
1608583444218 0.012617688626050949 2
1608583444363 0.013197586871683598 2
1608583444573 0.034744758158922195 2
1608583444780 0.078912153840065 2
1608583444997 0.06803727149963379 2
1608583445203 0.1613154411315918 2
1608583445465 0.13902035355567932 2
1608583445616 0.07249685376882553 2
1608583445751 0.04948398098349571 2
1608583445908 0.09725869446992874 2
1608583446082 0.022170158103108406 2
1608583446211 0.029490837827324867 2
1608583446342 0.11383265256881714 2
1608583446465 0.04033912345767021 2
1608583446599 0.051819972693920135 2
1608583446731 0.09957028925418854 2
1608583446869 0.038251329213380814 2
1608583446992 0.033667247742414474 2
1608583447115 0.009237410500645638 2
1608583447240 0.1537349671125412 2
1608583447365 0.047038279473781586 2
1608583447493 0.014919595792889595 2
1608583447640 0.04174058511853218 2
1608583447799 0.03217576444149017 2
1608583447947 0.14476987719535828 2
1608583448079 0.04690146446228027 2
1608583448218 0.025751490145921707 2
1608583448351 0.036334410309791565 2
1608583448479 0.09222021698951721 2
1608583448615 0.09388922154903412 2
1608583448744 0.036643315106630325 2
1608583448851 0.007081169635057449 2
1608583449003 0.008009091950953007 2
1608583449123 0.07903703302145004 2
1608583449250 0.1117546483874321 2
1608583449366 0.17896640300750732 2
1608583449493 0.07309630513191223 2
1608583449619 0.16104656457901 2
1608583449745 0.02150593511760235 2
1608583449873 0.01920483633875847 2
1608583449994 0.0014463714323937893 2
1608583450118 0.010115789249539375 2
1608583450252 0.11686570197343826 2
1608583450415 0.02059876173734665 2
1608583450539 0.01866856776177883 2
1608583450646 0.005620282143354416 2
1608583450757 0.0121770603582263 2
1608583450866 0.07387509196996689 2
1608583450986 0.015332935377955437 2
1608583451103 0.004666291642934084 2
1608583451230 0.11037633568048477 2
1608583451362 0.041240010410547256 2
1608583451491 0.11460299044847488 2
1608583451660 0.0069633061066269875 2
1608583451800 0.1758991777896881 2
1608583451931 0.1321890652179718 2
1608583452053 0.08770208060741425 2
1608583452175 0.06079455092549324 2
1608583452307 0.0886530801653862 2
1608583452415 0.031522657722234726 2
1608583452525 0.10841360688209534 2
1608583452647 0.04777329042553902 2
1608583452792 0.01785994879901409 2
1608583452957 0.01652316190302372 2
1608583453118 0.027920151129364967 2
1608583453261 0.043297700583934784 2
1608583453391 0.113057442009449 2
1608583453529 0.12237189710140228 2
1608583453667 0.04537275433540344 2
1608583453807 0.12203875184059143 2
1608583453957 0.09289577603340149 2
1608583454134 0.031132038682699203 2
1608583454260 0.0041523706167936325 2
1608583454378 0.027455780655145645 2
1608583454503 0.016386734321713448 2
1608583454634 0.05185666307806969 2
1608583454768 0.05072437599301338 2
1608583454908 0.010025755502283573 2
1608583455046 0.004763077478855848 2
1608583455183 0.009371038526296616 2
1608583455326 0.10989680141210556 2
1608583455459 0.18904347717761993 2
1608583455628 0.06994962692260742 2
1608583455759 0.13866767287254333 2
1608583455899 0.025193560868501663 2
1608583456035 0.07861117273569107 2
1608583456154 0.01803428679704666 2
1608583456277 0.034584157168865204 2
1608583456404 0.08076974004507065 2
1608583456531 0.012327510863542557 2
1608583456663 0.014014070853590965 2
1608583456796 0.010655932128429413 2
1608583456972 0.030519766733050346 2
1608583457124 0.03345704823732376 2
1608583457271 0.21809543669223785 2
1608583457411 0.1502758264541626 2
1608583457538 0.03332139179110527 2
1608583457667 0.328736811876297 2
1608583457783 0.2376922369003296 2
1608583457900 0.14369644224643707 2
1608583458031 0.03767871856689453 2
1608583458163 0.12956984341144562 2
1608583458355 0.15155045688152313 2
1608583458494 0.010916388593614101 2
1608583458624 0.010546252131462097 2
1608583458759 0.11738813668489456 2
1608583458886 0.10352954268455505 2
1608583459012 0.1786355823278427 2
1608583459138 0.02210715413093567 2
1608583459266 0.011110891588032246 2
1608583459392 0.01870257593691349 2
1608583459503 0.050399865955114365 2
1608583459618 0.14333456754684448 2
1608583459768 0.0857774019241333 2
1608583459889 0.07885432243347168 2
1608583460011 0.07502647489309311 2
1608583460132 0.017520630732178688 2
1608583460264 0.034835703670978546 2
1608583460394 0.03611142188310623 2
1608583460525 0.060520272701978683 2
1608583460657 0.016128811985254288 2
1608583460792 0.05195976421236992 2
1608583460958 0.11816452443599701 2
1608583461094 0.010514841414988041 2
1608583461211 0.011401836760342121 2
1608583461326 0.07830165326595306 2
1608583461443 0.0735081285238266 2
1608583461570 0.021418197080492973 2
1608583461704 0.2066875547170639 2
1608583461846 0.16223609447479248 2
1608583461994 0.0715719610452652 2
1608583462144 0.11912883073091507 2
1608583462345 0.07358346879482269 2
1608583462486 0.01998181827366352 2
1608583462633 0.047397181391716 2
1608583462768 0.10333845019340515 2
1608583462894 0.015779057517647743 2
1608583463012 0.04869229719042778 2
1608583463132 0.10102683305740356 2
1608583463258 0.05644993111491203 2
1608583463387 0.021699396893382072 2
1608583463526 0.22530554234981537 2
1608583463711 0.03492850065231323 2
1608583463851 0.014575481414794922 2
1608583464008 0.02795194275677204 2
1608583464150 0.06312742084264755 2
1608583464297 0.16540192067623138 2
1608583464438 0.010518542490899563 2
1608583464565 0.020735640078783035 2
1608583464683 0.016825418919324875 2
1608583464830 0.04109399765729904 2
1608583465027 0.0466325581073761 2
1608583465215 0.07089798897504807 2
1608583465387 0.012268523685634136 2
1608583465551 0.014649746008217335 2
1608583465702 0.017594389617443085 2
1608583465909 0.004536711145192385 2
1608583466104 0.011515595950186253 2
1608583466283 0.026783214882016182 2
1608583466440 0.046673499047756195 2
1608583466613 0.14387087523937225 2
1608583466754 0.009137250483036041 2
1608583466897 0.05777338519692421 2
1608583467101 0.10742975771427155 2
1608583467353 0.020654449239373207 2
1608583467859 0.005621918477118015 2
1608583468141 0.02328180894255638 2
1608583468311 0.08659597486257553 2
1608583468424 0.1150195524096489 2
1608583468540 0.06142489239573479 2
1608583468687 0.09878072887659073 2
1608583468807 0.06593167781829834 2
1608583468930 0.11029265820980072 2
1608583469052 0.03371381387114525 2
1608583469179 0.020454125478863716 2
1608583469308 0.10223562270402908 2
1608583469436 0.05850639566779137 2
1608583469559 0.20818299055099487 2
1608583469696 0.07920656353235245 2
1608583469822 0.10137654840946198 2
1608583469953 0.019360119476914406 2
1608583470064 0.1565282642841339 2
1608583470174 0.08116155862808228 2
1608583470286 0.09557811170816422 2
1608583470409 0.06689155846834183 2
1608583470521 0.028574712574481964 2
1608583470646 0.12662272155284882 2
1608583470761 0.18709246814250946 2
1608583470892 0.08825478702783585 2
1608583471013 0.09585490822792053 2
1608583471144 0.06677865236997604 2
1608583471265 0.003333883360028267 2
1608583471381 0.05821763724088669 2
1608583471562 0.0580517053604126 2
1608583471714 0.16031964123249054 2
1608583471877 0.1005466878414154 2
1608583472010 0.03216556832194328 2
1608583472180 0.04210260882973671 2
1608583472339 0.06355327367782593 2
1608583472502 0.022967319935560226 2
1608583472684 0.02007402293384075 2
1608583473018 0.07800506800413132 2
1608583473189 0.1927901655435562 2
1608583473314 0.08353359997272491 2
1608583473465 0.09031256288290024 2
1608583473606 0.04000627249479294 2
1608583473738 0.07492168247699738 2
1608583473870 0.006526176352053881 2
1608583474004 0.023806456476449966 2
1608583474138 0.11769775301218033 2
1608583474274 0.03757376968860626 2
1608583474395 0.005315839778631926 2
1608583474545 0.059498075395822525 2
1608583474654 0.013709994032979012 2
1608583474770 0.08635305613279343 2
1608583474886 0.021785924211144447 2
1608583475002 0.008098136633634567 2
1608583475119 0.015085196122527122 2
1608583475248 0.035131990909576416 2
1608583475384 0.1760958433151245 2
1608583475518 0.023748939856886864 2
1608583475653 0.029973968863487244 2
1608583475784 0.024708323180675507 2
1608583475958 0.22150690853595734 2
1608583476099 0.13872836530208588 2
1608583476234 0.07148122787475586 2
1608583476364 0.18623638153076172 2
1608583476482 0.11602431535720825 2
1608583476599 0.03580423817038536 2
1608583476721 0.1126018688082695 2
1608583476845 0.03731071576476097 2
1608583476978 0.08387435972690582 2
1608583477162 0.15335501730442047 2
1608583477312 0.12230933457612991 2
1608583477446 0.039265479892492294 2
1608583477583 0.05850592255592346 2
1608583477727 0.2803410291671753 2
1608583477869 0.021495163440704346 2
1608583478013 0.2802009582519531 2
1608583478145 0.04467012733221054 2
1608583478271 0.07157392799854279 2
1608583478390 0.008253664709627628 2
1608583478552 0.18423953652381897 2
1608583478681 0.052049387246370316 2
1608583478821 0.030364608392119408 2
1608583478962 0.1526680290699005 2
1608583479096 0.10880284756422043 2
1608583479235 0.041494160890579224 2
1608583479371 0.03805544227361679 2
1608583479510 0.01944940909743309 2
1608583479637 0.027214784175157547 2
1608583479769 0.21528254449367523 2
1608583479936 0.01542093325406313 2
1608583480059 0.04424078390002251 2
1608583480184 0.0674673393368721 2
1608583480316 0.03976535052061081 2
1608583480447 0.02474113367497921 2
1608583480582 0.165690079331398 2
1608583480725 0.04172462970018387 2
1608583480863 0.02815883234143257 2
1608583481008 0.19213171303272247 2
1608583481154 0.16191092133522034 2
1608583481349 0.04744168743491173 2
1608583481575 0.04090041667222977 2
1608583481728 0.16069769859313965 2
1608583481841 0.031507473438978195 2
1608583481978 0.1749076545238495 2
1608583482220 0.052988044917583466 2
1608583482464 0.035922691226005554 2
1608583482663 0.02920527569949627 2
1608583482837 0.049086105078458786 2
1608583482959 0.13586170971393585 2
1608583483080 0.05583418160676956 2
1608583483196 0.1108769029378891 2
1608583483447 0.0611782930791378 2
1608583483605 0.022911930456757545 2
1608583483737 0.14818888902664185 2
1608583483862 0.04845389351248741 2
1608583483986 0.020489118993282318 2
1608583484107 0.08452983945608139 2
1608583484245 0.008830808103084564 2
1608583484446 0.3760237991809845 2
1608583484588 0.08083391189575195 2
1608583484723 0.06370774656534195 2
1608583484870 0.07163643091917038 2
1608583485008 0.0499580092728138 2
1608583485132 0.062191639095544815 2
1608583485247 0.02182006649672985 2
1608583485359 0.004946586675941944 2
1608583485469 0.010984481312334538 2
1608583485590 0.04150434955954552 2
1608583485722 0.041098568588495255 2
1608583485859 0.009286395274102688 2
1608583486030 0.08246354758739471 2
1608583486163 0.1961524486541748 2
1608583486291 0.033618271350860596 2
1608583486411 0.12752816081047058 2
1608583486536 0.1350792944431305 2
1608583486666 0.06323812901973724 2
1608583486789 0.03787429258227348 2
1608583486899 0.02695518732070923 2
1608583487009 0.07594245672225952 2
1608583487127 0.018450193107128143 2
1608583487271 0.06458587944507599 2
1608583487394 0.10926572233438492 2
1608583487516 0.011468341574072838 2
1608583487643 0.12530680000782013 2
1608583487771 0.037661269307136536 2
1608583487907 0.012489283457398415 2
1608583488026 0.23430384695529938 2
1608583488152 0.0065515791065990925 2
1608583488285 0.04777338355779648 2
1608583488439 0.03168956935405731 2
1608583488597 0.04379282519221306 2
1608583488747 0.016503602266311646 2
1608583488919 0.03400019183754921 2
1608583489059 0.0164042878895998 2
1608583489235 0.047321632504463196 2
1608583489376 0.08785465359687805 2
1608583489515 0.011325987987220287 2
1608583489655 0.07253153622150421 2
1608583489826 0.07249490916728973 2
1608583490007 0.03795504942536354 2
1608583490203 0.0832933709025383 2
1608583490353 0.014010617509484291 2
1608583490478 0.009941012598574162 2
1608583490606 0.09619710594415665 2
1608583490747 0.12371759861707687 2
1608583490881 0.09135568141937256 2
1608583491014 0.07194028794765472 2
1608583491151 0.06968075037002563 2
1608583491319 0.17058062553405762 2
1608583491485 0.03697599843144417 2
1608583491637 0.11947891861200333 2
1608583491804 0.02115580067038536 2
1608583491939 0.03190943971276283 2
1608583492080 0.1389516144990921 2
1608583492216 0.025941645726561546 2
1608583492338 0.1799992173910141 2
1608583492467 0.025336703285574913 2
1608583492612 0.10999680310487747 2
1608583492759 0.0727844312787056 2
1608583492908 0.043046481907367706 2
1608583493040 0.1399034559726715 2
1608583493182 0.09832122176885605 2
1608583493321 0.08826948702335358 2
1608583493457 0.09588860720396042 2
1608583493584 0.15668885409832 2
1608583493710 0.08417972922325134 2
1608583493829 0.07645654678344727 2
1608583493970 0.021694770082831383 2
1608583494097 0.18382738530635834 2
1608583494238 0.01543148048222065 2
1608583494373 0.04590519890189171 2
1608583494485 0.10905703902244568 2
1608583494599 0.05407818779349327 2
1608583494708 0.024081848561763763 2
1608583494827 0.07508523017168045 2
1608583494943 0.004961004480719566 2
1608583495058 0.01566258631646633 2
1608583495170 0.18034566938877106 2
1608583495290 0.035067711025476456 2
1608583495415 0.037183113396167755 2
1608583495556 0.014180070720613003 2
1608583495705 0.05916323885321617 2
1608583495826 0.0781949982047081 2
1608583495948 0.09272975474596024 2
1608583496066 0.0846240296959877 2
1608583496192 0.018686853349208832 2
1608583496323 0.07835417985916138 2
1608583496444 0.09777390211820602 2
1608583496550 0.004955679643899202 2
1608583496664 0.015880899503827095 2
1608583496818 0.0650218278169632 2
1608583496946 0.010099228471517563 2
1608583497063 0.05633998289704323 2
1608583497185 0.07851766794919968 2
1608583497306 0.008166144602000713 2
1608583497429 0.012287821620702744 2
1608583497568 0.004484060686081648 2
1608583497708 0.0045735822059214115 2
1608583497847 0.05123617872595787 2
1608583498027 0.2765401005744934 2
1608583498159 0.048798900097608566 2
1608583498300 0.026269780471920967 2
1608583498423 0.03509792685508728 2
1608583498551 0.041128333657979965 2
1608583498699 0.16701918840408325 2
1608583498840 0.042811326682567596 2
1608583498976 0.0533113107085228 2
1608583499115 0.11909876763820648 2
1608583499246 0.0516820028424263 2
1608583499424 0.04821233078837395 2
1608583499565 0.040512990206480026 2
1608583499700 0.15808232128620148 2
1608583499838 0.034565966576337814 2
1608583499970 0.027380645275115967 2
1608583500106 0.05571526661515236 2
1608583500237 0.10408530384302139 2
1608583500364 0.07412496209144592 2
1608583500491 0.03624873235821724 2
1608583500623 0.06152227893471718 2
1608583500802 0.18150410056114197 2
1608583500939 0.010559257119894028 2
1608583501081 0.13863834738731384 2
1608583501217 0.08095869421958923 2
1608583501354 0.022165197879076004 2
1608583501489 0.12712638080120087 2
1608583501626 0.010949582792818546 2
1608583501757 0.01403113454580307 2
1608583501895 0.054909609258174896 2
1608583502017 0.03238651528954506 2
1608583502170 0.16839750111103058 2
1608583502299 0.008745555765926838 2
1608583502440 0.010675637982785702 2
1608583502579 0.02828117273747921 2
1608583502725 0.1322992444038391 2
1608583502866 0.06461729854345322 2
1608583502998 0.04744113236665726 2
1608583503127 0.13829264044761658 2
1608583503262 0.19885699450969696 2
1608583503400 0.059006012976169586 2
1608583503567 0.06135903671383858 2
1608583503687 0.07292880117893219 2
1608583503810 0.011043737642467022 2
1608583503943 0.29768216609954834 2
1608583504071 0.025772593915462494 2
1608583504198 0.08936455845832825 2
1608583504327 0.13971452414989471 2
1608583504462 0.026019316166639328 2
1608583504593 0.04489200934767723 2
1608583504724 0.08837500959634781 2
1608583504889 0.025606505572795868 2
1608583505037 0.026410100981593132 2
1608583505171 0.012029682286083698 2
1608583505303 0.007776170503348112 2
1608583505441 0.1380724012851715 2
1608583505559 0.07093799859285355 2
1608583505673 0.03781333193182945 2
1608583505787 0.026599951088428497 2
1608583505915 0.005994169972836971 2
1608583506036 0.04521440714597702 2
1608583506174 0.03228113800287247 2
1608583506319 0.005999142769724131 2
1608583506446 0.0075539699755609035 2
1608583506563 0.0028865598142147064 2
1608583506683 0.04477226734161377 2
1608583506794 0.20235177874565125 2
1608583506924 0.12470824271440506 2
1608583507048 0.10270488262176514 2
1608583507167 0.2407415211200714 2
1608583507290 0.03716588392853737 2
1608583507413 0.007645167410373688 2
1608583507567 0.012349285185337067 2
1608583507696 0.015036141499876976 2
1608583507815 0.1973530352115631 2
1608583507941 0.19931046664714813 2
1608583508065 0.02217017114162445 2
1608583508182 0.024214312434196472 2
1608583508302 0.05704957991838455 2
1608583508429 0.006808351259678602 2
1608583508548 0.26630592346191406 2
1608583508671 0.04014688730239868 2
1608583508863 0.02229561284184456 2
1608583508996 0.03294586390256882 2
1608583509135 0.011833127588033676 2
1608583509265 0.1374388486146927 2
1608583509380 0.011744323186576366 2
1608583509507 0.08922616392374039 2
1608583509639 0.2032061517238617 2
1608583509770 0.015683889389038086 2
1608583509920 0.052427299320697784 2
1608583510101 0.0953533723950386 2
1608583510233 0.03157855570316315 2
1608583510371 0.02831743285059929 2
1608583510504 0.04506351798772812 2
1608583510638 0.1375492364168167 2
1608583510766 0.07094604521989822 2
1608583510899 0.07016623765230179 2
1608583511030 0.0012401877902448177 2
1608583511159 0.004402459599077702 2
1608583511278 0.08345778286457062 2
1608583511429 0.12546639144420624 2
1608583511567 0.05069083720445633 2
1608583511703 0.062245067209005356 2
1608583511830 0.053662996739149094 2
1608583511960 0.04790230467915535 2
1608583512080 0.07085690647363663 2
1608583512205 0.0339641347527504 2
1608583512329 0.031785640865564346 2
1608583512455 0.13341829180717468 2
1608583512578 0.0049725305289030075 2
1608583512723 0.019595256075263023 2
1608583512881 0.13293428719043732 2
1608583513017 0.03726798668503761 2
1608583513143 0.02520027384161949 2
1608583513266 0.19349266588687897 2
1608583513391 0.04732973128557205 2
1608583513517 0.02446664310991764 2
1608583513639 0.04618366062641144 2
1608583513759 0.019749728962779045 2
1608583513887 0.0067770094610750675 2
1608583514031 0.0061769867315888405 2
1608583514172 0.1817064881324768 2
1608583514298 0.019605586305260658 2
1608583514429 0.12549324333667755 2
1608583514552 0.047258611768484116 2
1608583514673 0.2009885162115097 2
1608583514795 0.09981334954500198 2
1608583514927 0.2713494896888733 2
1608583515054 0.03987470641732216 2
1608583515181 0.07261819392442703 2
1608583515325 0.13186660408973694 2
1608583515481 0.10009574145078659 2
1608583515622 0.005549797788262367 2
1608583515749 0.006568808574229479 2
1608583515910 0.05395759642124176 2
1608583516060 0.0236869677901268 2
1608583516180 0.02937197871506214 2
1608583516303 0.005755913443863392 2
1608583516423 0.10963951051235199 2
1608583516547 0.040524765849113464 2
1608583516705 0.18860167264938354 2
1608583516813 0.0987870991230011 2
1608583516933 0.04147141054272652 2
1608583517047 0.01956857554614544 2
1608583517162 0.07648560404777527 2
1608583517274 0.06398370862007141 2
1608583517397 0.013617978431284428 2
1608583517511 0.11362409591674805 2
1608583517629 0.047700732946395874 2
1608583517744 0.020722726359963417 2
1608583517863 0.0628962516784668 2
1608583518018 0.11346366256475449 2
1608583518167 0.06845086067914963 2
1608583518289 0.011987551115453243 2
1608583518408 0.021426238119602203 2
1608583518522 0.11461881548166275 2
1608583518638 0.042057521641254425 2
1608583518751 0.09063948690891266 2
1608583518863 0.1140485405921936 2
1608583518985 0.01201373990625143 2
1608583519110 0.021328069269657135 2
1608583519260 0.0013547205599024892 2
1608583519381 0.007658770773559809 2
1608583519495 0.0275882538408041 2
1608583519604 0.06811358034610748 2
1608583519723 0.028472797945141792 2
1608583519849 0.0046906257048249245 2
1608583519983 0.16968299448490143 2
1608583520111 0.0997219979763031 2
1608583520237 0.015618067234754562 2
1608583520375 0.08759178221225739 2
1608583520535 0.08353684842586517 2
1608583520680 0.05133257806301117 2
1608583520814 0.11293641477823257 2
1608583520945 0.0069819665513932705 2
1608583521073 0.06845584511756897 2
1608583521197 0.008937203325331211 2
1608583521320 0.0881289392709732 2
1608583521452 0.025734957307577133 2
1608583521577 0.024476880207657814 2
1608583521749 0.027977121993899345 2
1608583521875 0.07793957740068436 2
1608583522007 0.03248017653822899 2
1608583522128 0.06068837642669678 2
1608583522248 0.19210289418697357 2
1608583522372 0.012645158916711807 2
1608583522501 0.0024609724059700966 2
1608583522634 0.07498285919427872 2
1608583522767 0.17403991520404816 2
1608583522905 0.01589934155344963 2
1608583523058 0.07199106365442276 2
1608583523197 0.06253975629806519 2
1608583523322 0.0021423452999442816 2
1608583523443 0.004815380088984966 2
1608583523565 0.11066009104251862 2
1608583523691 0.061463307589292526 2
1608583523816 0.04996539279818535 2
1608583523945 0.01794358901679516 2
1608583524068 0.08724465221166611 2
1608583524191 0.004002219531685114 2
1608583524317 0.0528116375207901 2
1608583524471 0.0365743562579155 2
1608583524598 0.1941063553094864 2
1608583524717 0.012754756957292557 2
1608583524842 0.007129937410354614 2
1608583524968 0.030081067234277725 2
1608583525089 0.006068529561161995 2
1608583525207 0.062172144651412964 2
1608583525324 0.0021151851397007704 2
1608583525446 0.004795767366886139 2
1608583525569 0.029461119323968887 2
1608583525709 0.03551419451832771 2
1608583525820 0.028966397047042847 2
1608583525937 0.04880516976118088 2
1608583526046 0.0018065107287839055 2
1608583526152 0.003436670871451497 2
1608583526263 0.009817910380661488 2
1608583526369 0.0007277021650224924 2
1608583526485 0.01062521617859602 2
1608583526593 0.04829178750514984 2
1608583526701 0.011519751511514187 2
1608583526810 0.0001595140201970935 2
1608583526976 0.0013490283163264394 2
1608583527092 0.0004980700323358178 2
1608583527211 0.00146525411400944 2
1608583527322 0.006023001857101917 2
1608583527449 0.09508423507213593 2
1608583527567 0.03614158555865288 2
1608583527682 0.058941710740327835 2
1608583527790 0.0029551228508353233 2
1608583527910 0.002945713698863983 2
1608583528076 0.006305081769824028 2
1608583528211 0.21802616119384766 2
1608583528340 0.3516041934490204 2
1608583528473 0.015408811159431934 2
1608583528605 0.0005574385286308825 2
1608583528732 0.2552850842475891 2
1608583528806 0.0033519186545163393 2
