1607404692827 2.3054006099700928 1
1607404692939 2.377336025238037 1
1607404693056 2.432109832763672 1
1607404693163 2.160216808319092 1
1607404693267 1.8238850831985474 1
1607404693369 1.8504832983016968 1
1607404693469 1.7076609134674072 1
1607404693568 1.515904188156128 1
1607404693667 1.2966653108596802 1
1607404693771 1.6884665489196777 1
1607404693870 1.3597761392593384 1
1607404693980 1.2546613216400146 1
1607404694086 1.177436113357544 1
1607404694189 1.2450244426727295 1
1607404694290 1.049556851387024 1
1607404694388 0.8993903994560242 1
1607404694490 1.0995210409164429 1
1607404694588 1.0496189594268799 1
1607404694691 0.7653358578681946 1
1607404694793 0.8831831812858582 1
1607404694891 0.8428845405578613 1
1607404694991 0.9918550252914429 1
1607404695090 0.8523795008659363 1
1607404695205 0.5529791712760925 1
1607404695304 0.5577016472816467 1
1607404695402 0.3528273105621338 1
1607404695501 0.31260499358177185 1
1607404695599 0.3868005573749542 1
1607404695699 0.5806180834770203 1
1607404695801 0.636213481426239 1
1607404695900 0.5870473980903625 1
1607404695999 0.45032694935798645 1
1607404696098 0.4257398247718811 1
1607404696220 0.28448811173439026 1
1607404696318 0.3118765950202942 1
1607404696417 0.3383429944515228 1
1607404696514 0.49310171604156494 1
1607404696613 0.5996603965759277 1
1607404696719 0.45904219150543213 1
1607404696818 0.19111871719360352 1
1607404696932 0.3686783015727997 1
1607404697035 0.5808104872703552 1
1607404697134 0.5933241248130798 1
1607404697247 0.3409908711910248 1
1607404697346 0.23888204991817474 1
1607404697445 0.3415476977825165 1
1607404697543 0.3061037063598633 1
1607404697641 0.6044713258743286 1
1607404697743 0.38797080516815186 1
1607404697844 0.29481688141822815 1
1607404697946 0.4681107699871063 1
1607404698049 0.3322713375091553 1
1607404698158 0.32807379961013794 1
1607404698278 0.43983957171440125 1
1607404698381 0.31089457869529724 1
1607404698482 0.3506675362586975 1
1607404698584 0.17124836146831512 1
1607404698687 0.3248654305934906 1
1607404698796 0.4926817715167999 1
1607404698905 0.2874089181423187 1
1607404699010 0.2643347382545471 1
1607404699108 0.1273510903120041 1
1607404699208 0.3448675870895386 1
1607404699320 0.29484471678733826 1
1607404699418 0.37717026472091675 1
1607404699516 0.3006758391857147 1
1607404699614 0.22256825864315033 1
1607404699713 0.29503005743026733 1
1607404699814 0.3108235001564026 1
1607404699913 0.29323261976242065 1
1607404700017 0.2882640063762665 1
1607404700142 0.24286490678787231 1
1607404700264 0.2802867293357849 1
1607404700369 0.2617369592189789 1
1607404700467 0.465386301279068 1
1607404700565 0.3240519165992737 1
1607404700664 0.2132495790719986 1
1607404700762 0.45180195569992065 1
1607404700869 0.20741628110408783 1
1607404700973 0.21513450145721436 1
1607404701072 0.5798781514167786 1
1607404701172 0.3280036151409149 1
1607404701276 0.28208649158477783 1
1607404701387 0.25454607605934143 1
1607404701485 0.13084512948989868 1
1607404701584 0.17776727676391602 1
1607404701684 0.44209522008895874 1
1607404701783 0.23142893612384796 1
1607404701889 0.23886774480342865 1
1607404702001 0.40883108973503113 1
1607404702110 0.22597134113311768 1
1607404702222 0.24028800427913666 1
1607404702337 0.2690432667732239 1
1607404702438 0.21441033482551575 1
1607404702539 0.15317414700984955 1
1607404702642 0.2014874964952469 1
1607404702745 0.11635644733905792 1
1607404702848 0.2788224518299103 1
1607404702949 0.25795555114746094 1
1607404703094 0.2841470539569855 1
1607404703234 0.23543530702590942 1
1607404703361 0.42265745997428894 1
1607404703505 0.16193515062332153 1
1607404703642 0.1372496336698532 1
1607404703792 0.2624244689941406 1
1607404703951 0.18933025002479553 1
1607404704141 0.28952887654304504 1
1607404704302 0.40687060356140137 1
1607404704454 0.33186203241348267 1
1607404704633 0.3910849988460541 1
1607404704781 0.33419331908226013 1
1607404704890 0.28792768716812134 1
1607404705010 0.3150280714035034 1
1607404705127 0.3730228841304779 1
1607404705230 0.22008930146694183 1
1607404705338 0.1463042050600052 1
1607404705441 0.12343697249889374 1
1607404705543 0.2201572060585022 1
1607404705653 0.13339373469352722 1
1607404705813 0.27218374609947205 1
1607404705978 0.20537693798542023 1
1607404706104 0.2811945676803589 1
1607404706213 0.20801907777786255 1
1607404706316 0.2728426158428192 1
1607404706426 0.28961896896362305 1
1607404706526 0.18063156306743622 1
1607404706628 0.3129711151123047 1
1607404706729 0.1160203069448471 1
1607404706830 0.4753921627998352 1
1607404706939 0.36752283573150635 1
1607404707042 0.22412905097007751 1
1607404707145 0.15777333080768585 1
1607404707246 0.49781420826911926 1
1607404707356 0.09048231691122055 1
1607404707459 0.20145171880722046 1
1607404707561 0.49380794167518616 1
1607404707662 0.552547812461853 1
1607404707765 0.3368184566497803 1
1607404707877 0.3389643132686615 1
1607404707981 0.3744600713253021 1
1607404708088 0.26877710223197937 1
1607404708192 0.07756748050451279 1
1607404708294 0.38683825731277466 1
1607404708396 0.14751361310482025 1
1607404708497 0.31230616569519043 1
1607404708598 0.21854758262634277 1
1607404708700 0.3673386573791504 1
1607404708803 0.30607888102531433 1
1607404708906 0.31716543436050415 1
1607404709017 0.19973322749137878 1
1607404709119 0.11061564087867737 1
1607404709220 0.06291833519935608 1
1607404709322 0.261810302734375 1
1607404709424 0.08191459625959396 1
1607404709524 0.06461888551712036 1
1607404709628 0.08081189543008804 1
1607404709730 0.21891635656356812 1
1607404709833 0.27234145998954773 1
1607404709935 0.24771873652935028 1
1607404710039 0.28484290838241577 1
1607404710140 0.2591628432273865 1
1607404710243 0.14022666215896606 1
1607404710350 0.04610263928771019 1
1607404710453 0.07460574805736542 1
1607404710555 0.029460271820425987 1
1607404710656 0.0448465496301651 1
1607404710759 0.050007425248622894 1
1607404710863 0.14925003051757812 1
1607404710988 0.1314225196838379 1
1607404711115 0.1851664036512375 1
1607404711220 0.09080974757671356 1
1607404711324 0.20391184091567993 1
1607404711442 0.17417004704475403 1
1607404711544 0.1649273782968521 1
1607404711648 0.17091743648052216 1
1607404711782 0.24904893338680267 1
1607404711887 0.18140432238578796 1
1607404711988 0.18762734532356262 1
1607404712100 0.1402781456708908 1
1607404712204 0.14667193591594696 1
1607404712319 0.45031431317329407 1
1607404712471 0.3792555630207062 1
1607404712626 0.37574082612991333 1
1607404712737 0.26003724336624146 1
1607404712867 0.140894815325737 1
1607404713016 0.22968493402004242 1
1607404713174 0.16486284136772156 1
1607404713293 0.19878144562244415 1
1607404713399 0.38166332244873047 1
1607404713505 0.12997610867023468 1
1607404713641 0.27160343527793884 1
1607404713811 0.24771705269813538 1
1607404713935 0.2050425261259079 1
1607404714045 0.2607087194919586 1
1607404714158 0.11076846718788147 1
1607404714305 0.24432025849819183 1
1607404714450 0.38669025897979736 1
1607404714559 0.4448484182357788 1
1607404714734 0.13673369586467743 1
1607404714910 0.15834419429302216 1
1607404715148 0.2537100911140442 1
1607404715282 0.1358407884836197 1
1607404715394 0.20704446732997894 1
1607404715553 0.26836830377578735 1
1607404715673 0.24125418066978455 1
1607404715796 0.24947325885295868 1
1607404715914 0.15477360785007477 1
1607404716022 0.1784629225730896 1
1607404716131 0.13547144830226898 1
1607404716235 0.2368602752685547 1
1607404716342 0.2108496129512787 1
1607404716477 0.1861995905637741 1
1607404716593 0.03458709269762039 1
1607404716692 0.14754532277584076 1
1607404716793 0.31938230991363525 1
1607404716892 0.08853457123041153 1
1607404716998 0.14663930237293243 1
1607404717096 0.2747543752193451 1
1607404717197 0.4240829348564148 1
1607404717299 0.19529113173484802 1
1607404717397 0.12465250492095947 1
1607404717496 0.1977842003107071 1
1607404717604 0.17402377724647522 1
1607404717711 0.260483980178833 1
1607404717811 0.3149704337120056 1
1607404717909 0.10975459218025208 1
1607404718012 0.11326056718826294 1
1607404718113 0.29801008105278015 1
1607404718211 0.19889140129089355 1
1607404718312 0.1350308507680893 1
1607404718411 0.38332733511924744 1
1607404718508 0.21395444869995117 1
1607404718608 0.11739583313465118 1
1607404718709 0.13683979213237762 1
1607404718811 0.020253628492355347 1
1607404718909 0.08623646199703217 1
1607404719009 0.3896024227142334 1
1607404719115 0.1436445116996765 1
1607404719213 0.1263282746076584 1
1607404719313 0.0882592722773552 1
1607404719412 0.1326095014810562 1
1607404719511 0.2667931020259857 1
1607404719608 0.16480949521064758 1
1607404719710 0.0903330147266388 1
1607404719810 0.07175785303115845 1
1607404719909 0.10825242102146149 1
1607404720009 0.09617017954587936 1
1607404720108 0.2681320905685425 1
1607404720205 0.11541526764631271 1
1607404720308 0.3366495370864868 1
1607404720407 0.11478482931852341 1
1607404720505 0.07295051217079163 1
1607404720603 0.16505300998687744 1
1607404720704 0.05025206506252289 1
1607404720805 0.08922404795885086 1
1607404720906 0.09886384755373001 1
1607404721004 0.17993569374084473 1
1607404721119 0.11000511050224304 1
1607404721217 0.1496058702468872 1
1607404721320 0.16451813280582428 1
1607404721418 0.16838973760604858 1
1607404721517 0.2698434591293335 1
1607404721615 0.10358987003564835 1
1607404721717 0.07969052344560623 1
1607404721820 0.17675451934337616 1
1607404721919 0.1584913283586502 1
1607404722022 0.1093035414814949 1
1607404722130 0.12305166572332382 1
1607404722228 0.040046729147434235 1
1607404722330 0.13173790276050568 1
1607404722429 0.08378174155950546 1
1607404722527 0.10803808271884918 1
1607404722629 0.07515808194875717 1
1607404722731 0.12353058159351349 1
1607404722831 0.20749858021736145 1
1607404722932 0.16645735502243042 1
1607404723031 0.10760073363780975 1
1607404723139 0.40009474754333496 1
1607404723239 0.22565636038780212 1
1607404723338 0.179740309715271 1
1607404723436 0.1980016529560089 1
1607404723533 0.11458928883075714 1
1607404723632 0.24371911585330963 1
1607404723740 0.16837665438652039 1
1607404723839 0.057792432606220245 1
1607404723938 0.13775032758712769 1
1607404724039 0.22753901779651642 1
1607404724138 0.10219644755125046 1
1607404724237 0.12864884734153748 1
1607404724337 0.04109589383006096 1
1607404724436 0.17314094305038452 1
1607404724538 0.06474599242210388 1
1607404724658 0.1305144876241684 1
1607404724784 0.13071824610233307 1
1607404724889 0.05531863868236542 1
1607404724991 0.03361628204584122 1
1607404725091 0.042378950864076614 1
1607404725193 0.0529700331389904 1
1607404725317 0.3353274166584015 1
1607404725417 0.19518987834453583 1
1607404725515 0.28713706135749817 1
1607404725614 0.09527852386236191 1
1607404725740 0.319782018661499 1
1607404725844 0.07018101215362549 1
1607404725950 0.20466922223567963 1
1607404726053 0.1821325272321701 1
1607404726153 0.06638608127832413 1
1607404726256 0.0382937416434288 1
1607404726358 0.00797965470701456 1
1607404726463 0.1697949469089508 1
1607404726610 0.06781797856092453 1
1607404726729 0.031029995530843735 1
1607404726878 0.2044345736503601 1
1607404726984 0.21945296227931976 1
1607404727082 0.08625823259353638 1
1607404727183 0.24663981795310974 1
1607404727283 0.10032228380441666 1
1607404727391 0.3103969991207123 1
1607404727500 0.1773538440465927 1
1607404727606 0.11611128598451614 1
1607404727717 0.04094478115439415 1
1607404727825 0.1669793576002121 1
1607404727977 0.2787564992904663 1
1607404728079 0.1721946746110916 1
1607404728185 0.2536199390888214 1
1607404728284 0.1091320812702179 1
1607404728393 0.33614519238471985 1
1607404728491 0.3219614326953888 1
1607404728589 0.09973292052745819 1
1607404728692 0.1542724221944809 1
1607404728790 0.23707719147205353 1
1607404728894 0.06885408610105515 1
1607404729029 0.10174459964036942 1
1607404729136 0.06679806113243103 1
1607404729237 0.11249569803476334 1
1607404729339 0.07332836091518402 1
1607404729437 0.04348733276128769 1
1607404729535 0.18818558752536774 1
1607404729633 0.06555444747209549 1
1607404729732 0.027791932225227356 1
1607404729837 0.012166101485490799 1
1607404729938 0.04888274893164635 1
1607404730050 0.3164185881614685 1
1607404730165 0.115135058760643 1
1607404730268 0.04447440803050995 1
1607404730373 0.22738535702228546 1
1607404730471 0.17174780368804932 1
1607404730570 0.20043553411960602 1
1607404730667 0.1987912654876709 1
1607404730765 0.024134336039423943 1
1607404730868 0.0734635591506958 1
1607404730971 0.2946602702140808 1
1607404731075 0.2261934131383896 1
1607404731183 0.22190755605697632 1
1607404731282 0.1037067323923111 1
1607404731387 0.29406726360321045 1
1607404731485 0.09831014275550842 1
1607404731585 0.03299110382795334 1
1607404731685 0.023883648216724396 1
1607404731784 0.05014641210436821 1
1607404731892 0.24444884061813354 1
1607404731991 0.13028071820735931 1
1607404732107 0.11300887167453766 1
1607404732213 0.02820848487317562 1
1607404732311 0.08500221371650696 1
1607404732412 0.09433325380086899 1
1607404732510 0.08527903258800507 1
1607404732608 0.02356276661157608 1
1607404732705 0.17528848350048065 1
1607404732808 0.05383371189236641 1
1607404732910 0.10131575912237167 1
1607404733024 0.13603173196315765 1
1607404733140 0.19281917810440063 1
1607404733240 0.2036333978176117 1
1607404733339 0.11468268930912018 1
1607404733438 0.192312091588974 1
1607404733537 0.03252290189266205 1
1607404733634 0.08707080036401749 1
1607404733732 0.06719530373811722 1
1607404733837 0.08484868705272675 1
1607404733938 0.014487586915493011 1
1607404734039 0.07609093189239502 1
1607404734142 0.1045142188668251 1
1607404734249 0.08352679014205933 1
1607404734352 0.21772518754005432 1
1607404734450 0.1967640221118927 1
1607404734548 0.1747223138809204 1
1607404734646 0.23733019828796387 1
1607404734744 0.07457084953784943 1
1607404734846 0.0665416345000267 1
1607404734948 0.12488679587841034 1
1607404735052 0.07038741558790207 1
1607404735150 0.026308279484510422 1
1607404735254 0.08928454667329788 1
1607404735357 0.1972191333770752 1
1607404735456 0.3119180500507355 1
1607404735557 0.066987544298172 1
1607404735658 0.02134762331843376 1
1607404735756 0.23056964576244354 1
1607404735858 0.2756316363811493 1
1607404735958 0.07007607072591782 1
1607404736059 0.12171542644500732 1
1607404736158 0.1640467792749405 1
1607404736259 0.3109443187713623 1
1607404736361 0.10245108604431152 1
1607404736460 0.10067318379878998 1
1607404736557 0.10547728836536407 1
1607404736656 0.13959072530269623 1
1607404736753 0.08818993717432022 1
1607404736858 0.0616174153983593 1
1607404736957 0.07524456083774567 1
1607404737071 0.10660623013973236 1
1607404737171 0.18088015913963318 1
1607404737272 0.12365087121725082 1
1607404737372 0.0752558559179306 1
1607404737471 0.17654666304588318 1
1607404737570 0.376030296087265 1
1607404737669 0.22480501234531403 1
1607404737766 0.08295445889234543 1
1607404737870 0.11986487358808517 1
1607404737970 0.3106941878795624 1
1607404738073 0.04536346718668938 1
1607404738171 0.16688521206378937 1
1607404738276 0.16801327466964722 1
1607404738377 0.24975435435771942 1
1607404738474 0.2522469460964203 1
1607404738571 0.13716989755630493 1
1607404738668 0.05092433840036392 1
1607404738767 0.07292947918176651 1
1607404738871 0.21806390583515167 1
1607404738969 0.2602927088737488 1
1607404739073 0.20718435943126678 1
1607404739171 0.1572907269001007 1
1607404739272 0.058633774518966675 1
1607404739375 0.1638631373643875 1
1607404739473 0.0916416123509407 1
1607404739571 0.053148746490478516 1
1607404739672 0.03878198564052582 1
1607404739771 0.0361260287463665 1
1607404739876 0.2605245113372803 1
1607404739977 0.09853529185056686 1
1607404740089 0.06572785973548889 1
1607404740198 0.026983890682458878 1
1607404740303 0.42145323753356934 1
1607404740404 0.15845699608325958 1
1607404740505 0.06345155835151672 1
1607404740608 0.08681534975767136 1
1607404740709 0.33273062109947205 1
1607404740809 0.09405114501714706 1
1607404740913 0.09246905893087387 1
1607404741022 0.14836496114730835 1
1607404741128 0.026965901255607605 1
1607404741240 0.10542977601289749 1
1607404741351 0.13428261876106262 1
1607404741455 0.12474863976240158 1
1607404741556 0.18132136762142181 1
1607404741656 0.16901487112045288 1
1607404741780 0.049108486622571945 1
1607404741887 0.07749592512845993 1
1607404741990 0.26120200753211975 1
1607404742094 0.04900379851460457 1
1607404742195 0.07129082828760147 1
1607404742318 0.10729977488517761 1
1607404742433 0.1007167249917984 1
1607404742538 0.19119670987129211 1
1607404742639 0.048592936247587204 1
1607404742741 0.17091302573680878 1
1607404742848 0.1509810984134674 1
1607404742959 0.28071409463882446 1
1607404743067 0.15232720971107483 1
1607404743170 0.17953231930732727 1
1607404743275 0.09521506726741791 1
1607404743401 0.07193545252084732 1
1607404743506 0.034533701837062836 1
1607404743607 0.07329165190458298 1
1607404743709 0.044173967093229294 1
1607404743809 0.2145095020532608 1
1607404743918 0.26838526129722595 1
1607404744021 0.18105043470859528 1
1607404744129 0.045753709971904755 1
1607404744232 0.05615491420030594 1
1607404744330 0.1947014033794403 1
1607404744443 0.10208998620510101 1
1607404744547 0.056152716279029846 1
1607404744646 0.12816648185253143 1
1607404744744 0.10698432475328445 1
1607404744843 0.12921571731567383 1
1607404744951 0.18335410952568054 1
1607404745068 0.12785036861896515 1
1607404745171 0.11826851218938828 1
1607404745273 0.10636977851390839 1
1607404745377 0.08671901375055313 1
1607404745490 0.11454425752162933 1
1607404745601 0.12675100564956665 1
1607404745701 0.20125947892665863 1
1607404745804 0.23369108140468597 1
1607404745913 0.19357356429100037 1
1607404746013 0.12800651788711548 1
1607404746113 0.045023880898952484 1
1607404746212 0.14017720520496368 1
1607404746310 0.20776508748531342 1
1607404746410 0.15102353692054749 1
1607404746508 0.0829501524567604 1
1607404746609 0.06730932742357254 1
1607404746709 0.1819162517786026 1
1607404746809 0.31571561098098755 1
1607404746918 0.11265743523836136 1
1607404747024 0.20708110928535461 1
1607404747128 0.16203752160072327 1
1607404747232 0.02381785400211811 1
1607404747337 0.10783781111240387 1
1607404747445 0.09457346796989441 1
1607404747555 0.2667258381843567 1
1607404747656 0.29801085591316223 1
1607404747753 0.04496539384126663 1
1607404747852 0.01837746798992157 1
1607404747961 0.2692562937736511 1
1607404748075 0.13004401326179504 1
1607404748180 0.03856922313570976 1
1607404748283 0.12790895998477936 1
1607404748387 0.05971219390630722 1
1607404748489 0.1548262983560562 1
1607404748598 0.09145691245794296 1
1607404748704 0.0768541544675827 1
1607404748802 0.120699442923069 1
1607404748904 0.021715326234698296 1
1607404749018 0.1119961068034172 1
1607404749117 0.09718813002109528 1
1607404749216 0.08654718101024628 1
1607404749322 0.014026354998350143 1
1607404749428 0.017481056973338127 1
1607404749529 0.03774556145071983 1
1607404749639 0.1212659478187561 1
1607404749742 0.06149109825491905 1
1607404749846 0.10753405094146729 1
1607404749947 0.05496673285961151 1
1607404750056 0.032641004770994186 1
1607404750154 0.2192438840866089 1
1607404750252 0.11643442511558533 1
1607404750352 0.17248541116714478 1
1607404750452 0.013568690046668053 1
1607404750550 0.23700305819511414 1
1607404750651 0.17198073863983154 1
1607404750754 0.059949688613414764 1
1607404750852 0.2928104102611542 1
1607404750951 0.11307942122220993 1
1607404751057 0.16944357752799988 1
1607404751155 0.1119324117898941 1
1607404751255 0.04679087921977043 1
1607404751353 0.14924059808254242 1
1607404751454 0.2272162139415741 1
1607404751553 0.04586450010538101 1
1607404751651 0.027244925498962402 1
1607404751754 0.047076258808374405 1
1607404751851 0.381964772939682 1
1607404751956 0.08342745900154114 1
1607404752064 0.16244138777256012 1
1607404752169 0.043290942907333374 1
1607404752270 0.08953893184661865 1
1607404752371 0.008533567190170288 1
1607404752472 0.18649433553218842 1
1607404752571 0.16163133084774017 1
1607404752668 0.0972311794757843 1
1607404752771 0.1811535805463791 1
1607404752869 0.05390630662441254 1
1607404752974 0.054857321083545685 1
1607404753095 0.17557571828365326 1
1607404753199 0.06654807180166245 1
1607404753306 0.03368828445672989 1
1607404753404 0.19003276526927948 1
1607404753509 0.03900645673274994 1
1607404753607 0.1446482390165329 1
1607404753710 0.028333468362689018 1
1607404753823 0.1644340455532074 1
1607404753926 0.15634848177433014 1
1607404754029 0.045929811894893646 1
1607404754158 0.11952725052833557 1
1607404754295 0.05903992801904678 1
1607404754403 0.3594695031642914 1
1607404754516 0.3224237561225891 1
1607404754622 0.08682835847139359 1
1607404754764 0.02807811088860035 1
1607404754936 0.12176728993654251 1
1607404755082 0.18116869032382965 1
1607404755190 0.13795499503612518 1
1607404755291 0.1384730190038681 1
1607404755394 0.18425855040550232 1
1607404755497 0.0664617195725441 1
1607404755601 0.08780784159898758 1
1607404755703 0.1505100578069687 1
1607404755804 0.12408913671970367 1
1607404755974 0.14232730865478516 1
1607404756153 0.09594116359949112 1
1607404756317 0.03642512112855911 1
1607404756427 0.12931744754314423 1
1607404756542 0.07899296283721924 1
1607404756668 0.02591436542570591 1
1607404756845 0.07059381902217865 1
1607404756976 0.042975738644599915 1
1607404757096 0.19772382080554962 1
1607404757249 0.14564239978790283 1
1607404757389 0.1847030520439148 1
1607404757501 0.1059115082025528 1
1607404757605 0.18997469544410706 1
1607404757710 0.16687066853046417 1
1607404757827 0.021756423637270927 1
1607404757981 0.02493489347398281 1
1607404758094 0.0245760977268219 1
1607404758206 0.09096723049879074 1
1607404758321 0.08982603251934052 1
1607404758426 0.037566762417554855 1
1607404758542 0.06760741770267487 1
1607404758703 0.10810436308383942 1
1607404758864 0.09016956388950348 1
1607404759009 0.29123473167419434 1
1607404759116 0.32986509799957275 1
1607404759250 0.12633660435676575 1
1607404759379 0.10983917862176895 1
1607404759585 0.09787458181381226 1
1607404759777 0.13386961817741394 1
1607404759919 0.016049304977059364 1
1607404760050 0.12614603340625763 1
1607404760160 0.02183620259165764 1
1607404760261 0.10406223684549332 1
1607404760366 0.11750109493732452 1
1607404760466 0.14380452036857605 1
1607404760571 0.07063978910446167 1
1607404760673 0.10388962924480438 1
1607404760776 0.17005513608455658 1
1607404760884 0.12267161905765533 1
1607404760991 0.06624140590429306 1
1607404761101 0.0598943755030632 1
1607404761226 0.07652530819177628 1
1607404761335 0.11476486176252365 1
1607404761458 0.12073955684900284 1
1607404761567 0.18117322027683258 1
1607404761670 0.0811348706483841 1
1607404761770 0.1337757557630539 1
1607404761875 0.06634090840816498 1
1607404761977 0.05655089020729065 1
1607404762084 0.10410331934690475 1
1607404762193 0.15993188321590424 1
1607404762300 0.03697185963392258 1
1607404762415 0.10313156992197037 1
1607404762523 0.13002505898475647 1
1607404762625 0.21630536019802094 1
1607404762728 0.2198130339384079 1
1607404762836 0.25667476654052734 1
1607404762945 0.07575255632400513 1
1607404763049 0.11254603415727615 1
1607404763152 0.10983603447675705 1
1607404763256 0.04923723638057709 1
1607404763382 0.07669372111558914 1
1607404763494 0.12722031772136688 1
1607404763599 0.10469438880681992 1
1607404763703 0.0820409506559372 1
1607404763802 0.10654708743095398 1
1607404763911 0.03080914169549942 1
1607404764017 0.10005932301282883 1
1607404764122 0.07551861554384232 1
1607404764223 0.08891195058822632 1
1607404764325 0.06425270438194275 1
1607404764430 0.22344808280467987 1
1607404764537 0.23708476126194 1
1607404764640 0.09503789246082306 1
1607404764743 0.12312164157629013 1
1607404764844 0.09478422999382019 1
1607404764955 0.09363222122192383 1
1607404765074 0.031715020537376404 1
1607404765178 0.14439469575881958 1
1607404765327 0.07773858308792114 1
1607404765470 0.0885223001241684 1
1607404765620 0.24861325323581696 1
1607404765741 0.0936519205570221 1
1607404765900 0.10906098783016205 1
1607404766055 0.2834818661212921 1
1607404766227 0.02163098007440567 1
1607404766384 0.09052007645368576 1
1607404766499 0.1824198216199875 1
1607404766692 0.04852251335978508 1
1607404766842 0.22172285616397858 1
1607404766951 0.0919206291437149 1
1607404767111 0.14271584153175354 1
1607404767229 0.039245739579200745 1
1607404767345 0.138802632689476 1
1607404767454 0.16798700392246246 1
1607404767575 0.08360343426465988 1
1607404767699 0.1332131177186966 1
1607404767816 0.15998807549476624 1
1607404767927 0.09044494479894638 1
1607404768039 0.04904114454984665 1
1607404768195 0.17991362512111664 1
1607404768373 0.0423707515001297 1
1607404768559 0.1057918593287468 1
1607404768781 0.2387116551399231 1
1607404768996 0.2410137951374054 1
1607404769161 0.030645260587334633 1
1607404769326 0.038980625569820404 1
1607404769482 0.08859287947416306 1
1607404769652 0.04525063931941986 1
1607404769848 0.15500853955745697 1
1607404770066 0.11248805373907089 1
1607404770283 0.07090184092521667 1
1607404770482 0.11629576236009598 1
1607404770652 0.06370870769023895 1
1607404770781 0.14050331711769104 1
1607404770914 0.07152445614337921 1
1607404771050 0.030246417969465256 1
1607404771184 0.13051491975784302 1
1607404771305 0.09859832376241684 1
1607404771429 0.20210692286491394 1
1607404771557 0.08219148218631744 1
1607404771674 0.2963051497936249 1
1607404771805 0.12901252508163452 1
1607404771912 0.07243985682725906 1
1607404772019 0.24755731225013733 1
1607404772135 0.06843593716621399 1
1607404772251 0.10690897703170776 1
1607404772361 0.09306903183460236 1
1607404772466 0.12302641570568085 1
1607404772572 0.15878863632678986 1
1607404772678 0.06023397296667099 1
1607404772820 0.16267329454421997 1
1607404772950 0.2643090784549713 1
1607404773059 0.09014153480529785 1
1607404773163 0.17172971367835999 1
1607404773267 0.07247790694236755 1
1607404773372 0.05416760966181755 1
1607404773478 0.02699023112654686 1
1607404773639 0.0956159308552742 1
1607404773774 0.17047981917858124 1
1607404773925 0.08255191892385483 1
1607404774050 0.16966190934181213 1
1607404774163 0.06725351512432098 1
1607404774276 0.21989808976650238 1
1607404774391 0.12468241900205612 1
1607404774521 0.039916131645441055 1
1607404774682 0.09411050379276276 1
1607404774809 0.22044222056865692 1
1607404774958 0.10038350522518158 1
1607404775113 0.13297370076179504 1
1607404775327 0.21823185682296753 1
1607404775517 0.09636644273996353 1
1607404775646 0.08728153258562088 1
1607404775783 0.05007569491863251 1
1607404775904 0.03197626769542694 1
1607404776012 0.06815401464700699 1
1607404776131 0.07865862548351288 1
1607404776238 0.2427741289138794 1
1607404776349 0.06486856937408447 1
1607404776490 0.06965858489274979 1
1607404776597 0.1141316220164299 1
1607404776701 0.030004963278770447 1
1607404776808 0.06023171544075012 1
1607404776911 0.11440560221672058 1
1607404777015 0.1356121301651001 1
1607404777125 0.09977254271507263 1
1607404777246 0.07266886532306671 1
1607404777351 0.056290511041879654 1
1607404777458 0.035643815994262695 1
1607404777567 0.022371573373675346 1
1607404777677 0.033071719110012054 1
1607404777804 0.04326745495200157 1
1607404777923 0.032946519553661346 1
1607404778048 0.2538376450538635 1
1607404778175 0.35493674874305725 1
1607404778298 0.17896094918251038 1
1607404778402 0.13284462690353394 1
1607404778506 0.3126045763492584 1
1607404778614 0.08232728391885757 1
1607404778720 0.05865101516246796 1
1607404778830 0.057118870317935944 1
1607404778986 0.026619508862495422 1
1607404779104 0.16273024678230286 1
1607404779216 0.4325588047504425 1
1607404779325 0.06838592886924744 1
1607404779440 0.06859691441059113 1
1607404779545 0.08816218376159668 1
1607404779657 0.07980743795633316 1
1607404779775 0.2561214864253998 1
1607404779899 0.06256796419620514 1
1607404780042 0.014880829490721226 1
1607404780160 0.06926783919334412 1
1607404780264 0.07132265716791153 1
1607404780380 0.2490418553352356 1
1607404780490 0.1666773110628128 1
1607404780598 0.15412040054798126 1
1607404780701 0.3786918818950653 1
1607404780806 0.05093427002429962 1
1607404780910 0.19738467037677765 1
1607404781014 0.10232774913311005 1
1607404781140 0.09909594804048538 1
1607404781270 0.05648074299097061 1
1607404781375 0.08557498455047607 1
1607404781481 0.03052477166056633 1
1607404781591 0.1367122232913971 1
1607404781695 0.06063568964600563 1
1607404781798 0.015281104482710361 1
1607404781902 0.015456011518836021 1
1607404782010 0.024937374517321587 1
1607404782127 0.2860671281814575 1
1607404782234 0.10773921012878418 1
1607404782375 0.07296685874462128 1
1607404782486 0.057765230536460876 1
1607404782591 0.08727627992630005 1
1607404782699 0.07552775740623474 1
1607404782805 0.010948508977890015 1
1607404782909 0.02652043290436268 1
1607404783015 0.17968901991844177 1
1607404783127 0.01848842203617096 1
1607404783232 0.02098509855568409 1
1607404783336 0.12687574326992035 1
1607404783470 0.19149599969387054 1
1607404783575 0.09429441392421722 1
1607404783683 0.1987248957157135 1
1607404783793 0.08757030218839645 1
1607404783902 0.051461756229400635 1
1607404784006 0.15254457294940948 1
1607404784115 0.024752067402005196 1
1607404784220 0.05272388830780983 1
1607404784323 0.02990388125181198 1
1607404784428 0.06545846164226532 1
1607404784571 0.028611062094569206 1
1607404784677 0.0500994548201561 1
1607404784795 0.06685906648635864 1
1607404784901 0.14616315066814423 1
1607404785005 0.16755448281764984 1
1607404785113 0.28968727588653564 1
1607404785217 0.05437907204031944 1
1607404785324 0.024989599362015724 1
1607404785431 0.18620839715003967 1
1607404785537 0.07328376173973083 1
1607404785668 0.047263845801353455 1
1607404785772 0.026506658643484116 1
1607404785876 0.035345230251550674 1
1607404785983 0.166111558675766 1
1607404786086 0.0050383093766868114 1
1607404786202 0.18026994168758392 1
1607404786305 0.07760091125965118 1
1607404786411 0.035909295082092285 1
1607404786515 0.07414331287145615 1
1607404786621 0.28353625535964966 1
1607404786744 0.0603848397731781 1
1607404786847 0.22116830945014954 1
1607404786958 0.10083460062742233 1
1607404787061 0.052084315568208694 1
1607404787174 0.0556153804063797 1
1607404787278 0.04943879693746567 1
1607404787382 0.042480695992708206 1
1607404787485 0.027960551902651787 1
1607404787588 0.08619997650384903 1
1607404787693 0.08752650022506714 1
1607404787819 0.0945969894528389 1
1607404787927 0.04176413267850876 1
1607404788032 0.04471485689282417 1
1607404788151 0.17005370557308197 1
1607404788260 0.028076859191060066 1
1607404788366 0.18957242369651794 1
1607404788473 0.21092797815799713 1
1607404788579 0.03605246543884277 1
1607404788688 0.028865622356534004 1
1607404788793 0.025616981089115143 1
1607404788930 0.10208619385957718 1
1607404789050 0.13129164278507233 1
1607404789163 0.23910726606845856 1
1607404789270 0.04038863629102707 1
1607404789377 0.05508697032928467 1
1607404789483 0.2204442322254181 1
1607404789588 0.1539946347475052 1
1607404789697 0.015194006264209747 1
1607404789802 0.09416782855987549 1
1607404789909 0.28590866923332214 1
1607404790062 0.20574718713760376 1
1607404790174 0.20896391570568085 1
1607404790278 0.027557633817195892 1
1607404790385 0.1691218465566635 1
1607404790488 0.03927045315504074 1
1607404790593 0.13755090534687042 1
1607404790700 0.1811162382364273 1
1607404790804 0.12166552990674973 1
1607404790908 0.09033609926700592 1
1607404791017 0.14710581302642822 1
1607404791154 0.21184279024600983 1
1607404791258 0.035525791347026825 1
1607404791364 0.12071717530488968 1
1607404791469 0.03285517543554306 1
1607404791573 0.04468078911304474 1
1607404791683 0.18655605614185333 1
1607404791788 0.04365832358598709 1
1607404791895 0.015196520835161209 1
1607404792007 0.1115671917796135 1
1607404792176 0.09444303810596466 1
1607404792302 0.026573630049824715 1
1607404792407 0.03867151960730553 1
1607404792512 0.06564078480005264 1
1607404792617 0.07353488355875015 1
1607404792732 0.07843616604804993 1
1607404792837 0.024851929396390915 1
1607404792943 0.030900590121746063 1
1607404793070 0.025578852742910385 1
1607404793182 0.10503721982240677 1
1607404793307 0.06551225483417511 1
1607404793431 0.2162865400314331 1
1607404793535 0.01719616912305355 1
1607404793642 0.004762341734021902 1
1607404793747 0.032952483743429184 1
1607404793850 0.0384010374546051 1
1607404793954 0.13900145888328552 1
1607404794071 0.00858977809548378 1
1607404794179 0.008883520029485226 1
1607404794282 0.022172750905156136 1
1607404794386 0.00561123713850975 1
1607404794520 0.00511074997484684 1
1607404794626 0.04254257678985596 1
1607404794740 0.0037949467077851295 1
1607404794856 0.005141407251358032 1
1607404794975 0.06010306254029274 1
1607404795098 0.00122477684635669 1
1607404795216 0.05925137177109718 1
1607404795331 0.03823399171233177 1
1607404795445 0.0236845500767231 1
1607404795572 0.010483907535672188 1
1607404795707 0.00045838404912501574 1
1607404795812 0.0007243159925565124 1
1607404795916 0.0037472834810614586 1
1607404796030 0.005108969286084175 1
1607404796140 0.13207393884658813 1
1607404796252 0.09969083219766617 1
1607404796357 0.04878802224993706 1
1607404796464 0.01838395558297634 1
1607404796568 0.002115804236382246 1
1607404796685 0.03842071816325188 1
1607404796823 0.21682894229888916 1
1607404796927 0.4815728962421417 1
1607404797039 0.026363393291831017 1
1607404797163 0.0020546650048345327 1
1607404797266 0.6106719374656677 1
1607404797332 0.07918744534254074 1
1607404797448 0.06086282432079315 2
1607404797554 0.08398280292749405 2
1607404797665 0.10542616993188858 2
1607404797771 0.08415442705154419 2
1607404797876 0.05388014018535614 2
1607404797980 0.08036771416664124 2
1607404798087 0.07084007561206818 2
1607404798192 0.3695785105228424 2
1607404798297 0.04101448878645897 2
1607404798402 0.08241062611341476 2
1607404798505 0.013575701974332333 2
1607404798609 0.0626986101269722 2
1607404798729 0.09608487039804459 2
1607404798837 0.13909706473350525 2
1607404798941 0.15983550250530243 2
1607404799049 0.10680167376995087 2
1607404799158 0.1871437132358551 2
1607404799265 0.1390400379896164 2
1607404799373 0.05106868967413902 2
1607404799479 0.09506922215223312 2
1607404799583 0.0764552652835846 2
1607404799690 0.2838592827320099 2
1607404799810 0.02599615603685379 2
1607404799915 0.05653098225593567 2
1607404800024 0.12331830710172653 2
1607404800142 0.12297184765338898 2
1607404800255 0.05977499857544899 2
1607404800362 0.10622640699148178 2
1607404800465 0.09797518700361252 2
1607404800567 0.03798781335353851 2
1607404800675 0.06975382566452026 2
1607404800778 0.09003913402557373 2
1607404800908 0.11705251783132553 2
1607404801020 0.03126935660839081 2
1607404801137 0.07362420111894608 2
1607404801246 0.025592375546693802 2
1607404801350 0.043026648461818695 2
1607404801455 0.20524512231349945 2
1607404801561 0.03740717098116875 2
1607404801674 0.04824187979102135 2
1607404801797 0.05603257939219475 2
1607404801903 0.09347620606422424 2
1607404802064 0.16190505027770996 2
1607404802180 0.05248003825545311 2
1607404802283 0.028156211599707603 2
1607404802388 0.10782571136951447 2
1607404802496 0.02390562929213047 2
1607404802609 0.039024289697408676 2
1607404802720 0.01715061441063881 2
1607404802825 0.015272178687155247 2
1607404802929 0.02604384906589985 2
1607404803045 0.11214926838874817 2
1607404803186 0.057617735117673874 2
1607404803290 0.01956137828528881 2
1607404803394 0.11849284172058105 2
1607404803497 0.10990650206804276 2
1607404803601 0.03518170863389969 2
1607404803708 0.12133488804101944 2
1607404803813 0.22036771476268768 2
1607404803918 0.05254027247428894 2
1607404804029 0.007726054172962904 2
1607404804138 0.015231219120323658 2
1607404804291 0.22486937046051025 2
1607404804394 0.0767880380153656 2
1607404804499 0.16879498958587646 2
1607404804603 0.059494782239198685 2
1607404804711 0.02619907632470131 2
1607404804814 0.02027106285095215 2
1607404804917 0.048399779945611954 2
1607404805036 0.20217104256153107 2
1607404805139 0.06754623353481293 2
1607404805248 0.07184301316738129 2
1607404805383 0.10530183464288712 2
1607404805487 0.017168695107102394 2
1607404805595 0.032503481954336166 2
1607404805702 0.009382822550833225 2
1607404805807 0.006145401392132044 2
1607404805911 0.15994994342327118 2
1607404806020 0.12703007459640503 2
1607404806126 0.04436923563480377 2
1607404806236 0.24981048703193665 2
1607404806339 0.038690660148859024 2
1607404806470 0.10922329127788544 2
1607404806577 0.24655656516551971 2
1607404806686 0.0530431903898716 2
1607404806792 0.03876286745071411 2
1607404806896 0.044293276965618134 2
1607404807000 0.026087425649166107 2
1607404807108 0.044592078775167465 2
1607404807219 0.21934503316879272 2
1607404807328 0.052736036479473114 2
1607404807437 0.15861959755420685 2
1607404807576 0.027144361287355423 2
1607404807689 0.03899934142827988 2
1607404807799 0.009446385316550732 2
1607404807908 0.35821500420570374 2
1607404808025 0.012638780288398266 2
1607404808145 0.05871647223830223 2
1607404808260 0.058941032737493515 2
1607404808366 0.059193938970565796 2
1607404808475 0.1987573653459549 2
1607404808593 0.08982173353433609 2
1607404808750 0.04644528403878212 2
1607404808882 0.03909500688314438 2
1607404808987 0.07393766939640045 2
1607404809107 0.028206318616867065 2
1607404809216 0.06300394237041473 2
1607404809320 0.17487145960330963 2
1607404809426 0.16711178421974182 2
1607404809534 0.1460624635219574 2
1607404809638 0.16866916418075562 2
1607404809763 0.048371702432632446 2
1607404809893 0.12290319800376892 2
1607404810005 0.12995027005672455 2
1607404810110 0.0406121127307415 2
1607404810217 0.011786100454628468 2
1607404810321 0.022818494588136673 2
1607404810424 0.043817032128572464 2
1607404810542 0.045409996062517166 2
1607404810654 0.01802581176161766 2
1607404810763 0.030162127688527107 2
1607404810871 0.04990357905626297 2
1607404811014 0.021103043109178543 2
1607404811129 0.03243167698383331 2
1607404811237 0.121941477060318 2
1607404811345 0.05067514628171921 2
1607404811458 0.17505459487438202 2
1607404811566 0.013272596523165703 2
1607404811673 0.24243241548538208 2
1607404811782 0.12086161971092224 2
1607404811890 0.01649400219321251 2
1607404812002 0.025994446128606796 2
1607404812148 0.11847424507141113 2
1607404812259 0.004651272669434547 2
1607404812364 0.012582794763147831 2
1607404812470 0.05810444429516792 2
1607404812574 0.2954558730125427 2
1607404812679 0.09543375670909882 2
1607404812791 0.290370374917984 2
1607404812898 0.033038098365068436 2
1607404813004 0.12896381318569183 2
1607404813130 0.01725795306265354 2
1607404813269 0.08325233310461044 2
1607404813374 0.03422093763947487 2
1607404813482 0.11704283952713013 2
1607404813591 0.03654143959283829 2
1607404813698 0.1264936625957489 2
1607404813807 0.11202184110879898 2
1607404813913 0.0779622346162796 2
1607404814025 0.029691243544220924 2
1607404814137 0.09107308089733124 2
1607404814257 0.00836146529763937 2
1607404814397 0.08544820547103882 2
1607404814507 0.0025158382486552 2
1607404814613 0.04762699082493782 2
1607404814737 0.033757105469703674 2
1607404814841 0.11362497508525848 2
1607404814944 0.1356760412454605 2
1607404815048 0.018846284598112106 2
1607404815152 0.12556631863117218 2
1607404815259 0.13076774775981903 2
1607404815363 0.02159971185028553 2
1607404815501 0.008399685844779015 2
1607404815609 0.013400635682046413 2
1607404815714 0.0027338392101228237 2
1607404815819 0.01511739194393158 2
1607404815926 0.00945076160132885 2
1607404816030 0.052269287407398224 2
1607404816143 0.17277152836322784 2
1607404816256 0.020109672099351883 2
1607404816359 0.009189816191792488 2
1607404816466 0.4871978461742401 2
1607404816601 0.07003973424434662 2
1607404816708 0.04473581537604332 2
1607404816816 0.005372397135943174 2
1607404816931 0.14988169074058533 2
1607404817038 0.02577277459204197 2
1607404817144 0.026959430426359177 2
1607404817255 0.01817023754119873 2
1607404817359 0.042127277702093124 2
1607404817464 0.18124404549598694 2
1607404817571 0.09125836938619614 2
1607404817703 0.036337170749902725 2
1607404817810 0.15160928666591644 2
1607404817914 0.034933239221572876 2
1607404818018 0.07680395990610123 2
1607404818131 0.06761332601308823 2
1607404818235 0.019867628812789917 2
1607404818343 0.06859145313501358 2
1607404818450 0.01299508661031723 2
1607404818554 0.09257534891366959 2
1607404818658 0.057590268552303314 2
1607404818789 0.043870653957128525 2
1607404818897 0.057959530502557755 2
1607404819015 0.03782691806554794 2
1607404819125 0.037520259618759155 2
1607404819231 0.16100414097309113 2
1607404819339 0.050664037466049194 2
1607404819444 0.03804106265306473 2
1607404819551 0.009209271520376205 2
1607404819655 0.02186622843146324 2
1607404819762 0.0979357436299324 2
1607404819895 0.06774517148733139 2
1607404819999 0.2178255319595337 2
1607404820112 0.07447084039449692 2
1607404820216 0.23347501456737518 2
1607404820329 0.1039566621184349 2
1607404820433 0.07296589761972427 2
1607404820536 0.018885381519794464 2
1607404820641 0.11527339369058609 2
1607404820745 0.10000822693109512 2
1607404820850 0.1380358636379242 2
1607404820995 0.015983903780579567 2
1607404821104 0.21981696784496307 2
1607404821208 0.13692925870418549 2
1607404821316 0.007352932821959257 2
1607404821421 0.08095012605190277 2
1607404821530 0.1089998334646225 2
1607404821634 0.1685369908809662 2
1607404821738 0.05026664957404137 2
1607404821844 0.022482847794890404 2
1607404821948 0.023154500871896744 2
1607404822085 0.04488382488489151 2
1607404822191 0.06968212872743607 2
1607404822298 0.163915753364563 2
1607404822404 0.01233675517141819 2
1607404822512 0.02993645891547203 2
1607404822616 0.22315509617328644 2
1607404822722 0.1268167793750763 2
1607404822832 0.021324556320905685 2
1607404822937 0.13276198506355286 2
1607404823046 0.04546474292874336 2
1607404823184 0.02710079774260521 2
1607404823291 0.07333400845527649 2
1607404823396 0.005629817023873329 2
1607404823499 0.014659467153251171 2
1607404823602 0.26282748579978943 2
1607404823707 0.008425367996096611 2
1607404823812 0.06378089636564255 2
1607404823918 0.057758182287216187 2
1607404824040 0.09616326540708542 2
1607404824145 0.14097411930561066 2
1607404824278 0.03235524892807007 2
1607404824383 0.04114159569144249 2
1607404824487 0.044041890650987625 2
1607404824592 0.01119606290012598 2
1607404824699 0.14693908393383026 2
1607404824804 0.0711083859205246 2
1607404824910 0.020210374146699905 2
1607404825013 0.2096448689699173 2
1607404825127 0.024772418662905693 2
1607404825233 0.020763926208019257 2
1607404825370 0.14686746895313263 2
1607404825474 0.1303049921989441 2
1607404825578 0.06546405702829361 2
1607404825682 0.12247496843338013 2
1607404825790 0.02097463235259056 2
1607404825896 0.022005008533596992 2
1607404826004 0.048527203500270844 2
1607404826109 0.01595270074903965 2
1607404826213 0.14728392660617828 2
1607404826320 0.09518159925937653 2
1607404826446 0.03436754643917084 2
1607404826550 0.013405521400272846 2
1607404826655 0.054299741983413696 2
1607404826760 0.16911648213863373 2
1607404826866 0.09771007299423218 2
1607404826970 0.08337278664112091 2
1607404827078 0.04392871633172035 2
1607404827182 0.05033588036894798 2
1607404827289 0.009872070513665676 2
1607404827393 0.058787960559129715 2
1607404827516 0.013280737213790417 2
1607404827622 0.03091864474117756 2
1607404827726 0.13169309496879578 2
1607404827831 0.04922303929924965 2
1607404827940 0.05614669620990753 2
1607404828053 0.20024323463439941 2
1607404828156 0.05451041832566261 2
1607404828261 0.05923229455947876 2
1607404828368 0.12135468423366547 2
1607404828472 0.09788002073764801 2
1607404828591 0.012240399606525898 2
1607404828698 0.13375818729400635 2
1607404828807 0.026249345391988754 2
1607404828913 0.04850935935974121 2
1607404829022 0.06585834175348282 2
1607404829129 0.05223318934440613 2
1607404829233 0.04766672104597092 2
1607404829339 0.021557947620749474 2
1607404829443 0.1394813060760498 2
1607404829548 0.09166067093610764 2
1607404829666 0.06717678904533386 2
1607404829780 0.0028122456278651953 2
1607404829889 0.058835551142692566 2
1607404829995 0.004794689826667309 2
1607404830103 0.050798576325178146 2
1607404830207 0.014016478322446346 2
1607404830317 0.2021941989660263 2
1607404830422 0.01548308040946722 2
1607404830526 0.023387029767036438 2
1607404830630 0.04834121838212013 2
1607404830755 0.10965512692928314 2
1607404830867 0.014026517979800701 2
1607404830973 0.10229180008172989 2
1607404831112 0.03954112157225609 2
1607404831242 0.06312922388315201 2
1607404831362 0.06272915005683899 2
1607404831475 0.0062813106924295425 2
1607404831579 0.03927074372768402 2
1607404831687 0.06015392392873764 2
1607404831836 0.14337459206581116 2
1607404831967 0.01802128553390503 2
1607404832086 0.04679829254746437 2
1607404832191 0.020389964804053307 2
1607404832298 0.09009824693202972 2
1607404832408 0.03308626636862755 2
1607404832513 0.19660992920398712 2
1607404832617 0.012617688626050949 2
1607404832724 0.013197586871683598 2
1607404832830 0.034744758158922195 2
1607404832944 0.078912153840065 2
1607404833097 0.06803727149963379 2
1607404833202 0.1613154411315918 2
1607404833310 0.13902035355567932 2
1607404833416 0.07249685376882553 2
1607404833519 0.04948398098349571 2
1607404833624 0.09725869446992874 2
1607404833730 0.022170158103108406 2
1607404833849 0.029490837827324867 2
1607404833965 0.11383265256881714 2
1607404834083 0.04033912345767021 2
1607404834221 0.051819972693920135 2
1607404834329 0.09957028925418854 2
1607404834433 0.038251329213380814 2
1607404834537 0.033667247742414474 2
1607404834644 0.009237410500645638 2
1607404834750 0.1537349671125412 2
1607404834861 0.047038279473781586 2
1607404834966 0.014919595792889595 2
1607404835087 0.04174058511853218 2
1607404835197 0.03217576444149017 2
1607404835336 0.14476987719535828 2
1607404835441 0.04690146446228027 2
1607404835546 0.025751490145921707 2
1607404835651 0.036334410309791565 2
1607404835756 0.09222021698951721 2
1607404835862 0.09388922154903412 2
1607404835972 0.036643315106630325 2
1607404836091 0.007081169635057449 2
1607404836197 0.008009091950953007 2
1607404836301 0.07903703302145004 2
1607404836445 0.1117546483874321 2
1607404836550 0.17896640300750732 2
1607404836656 0.07309630513191223 2
1607404836760 0.16104656457901 2
1607404836867 0.02150593511760235 2
1607404836977 0.01920483633875847 2
1607404837102 0.0014463714323937893 2
1607404837207 0.010115789249539375 2
1607404837312 0.11686570197343826 2
1607404837419 0.02059876173734665 2
1607404837552 0.01866856776177883 2
1607404837656 0.005620282143354416 2
1607404837759 0.0121770603582263 2
1607404837868 0.07387509196996689 2
1607404837974 0.015332935377955437 2
1607404838079 0.004666291642934084 2
1607404838184 0.11037633568048477 2
1607404838289 0.041240010410547256 2
1607404838398 0.11460299044847488 2
1607404838501 0.0069633061066269875 2
1607404838627 0.1758991777896881 2
1607404838732 0.1321890652179718 2
1607404838840 0.08770208060741425 2
1607404838945 0.06079455092549324 2
1607404839056 0.0886530801653862 2
1607404839160 0.031522657722234726 2
1607404839264 0.10841360688209534 2
1607404839372 0.04777329042553902 2
1607404839476 0.01785994879901409 2
1607404839580 0.01652316190302372 2
1607404839706 0.027920151129364967 2
1607404839810 0.043297700583934784 2
1607404839918 0.113057442009449 2
1607404840041 0.12237189710140228 2
1607404840145 0.04537275433540344 2
1607404840250 0.12203875184059143 2
1607404840360 0.09289577603340149 2
1607404840465 0.031132038682699203 2
1607404840569 0.0041523706167936325 2
1607404840674 0.027455780655145645 2
1607404840811 0.016386734321713448 2
1607404840920 0.05185666307806969 2
1607404841030 0.05072437599301338 2
1607404841134 0.010025755502283573 2
1607404841238 0.004763077478855848 2
1607404841346 0.009371038526296616 2
1607404841451 0.10989680141210556 2
1607404841556 0.18904347717761993 2
1607404841663 0.06994962692260742 2
1607404841769 0.13866767287254333 2
1607404841898 0.025193560868501663 2
1607404842008 0.07861117273569107 2
1607404842116 0.01803428679704666 2
1607404842227 0.034584157168865204 2
1607404842334 0.08076974004507065 2
1607404842445 0.012327510863542557 2
1607404842549 0.014014070853590965 2
1607404842653 0.010655932128429413 2
1607404842759 0.030519766733050346 2
1607404842868 0.03345704823732376 2
1607404842998 0.21809543669223785 2
1607404843113 0.1502758264541626 2
1607404843222 0.03332139179110527 2
1607404843329 0.328736811876297 2
1607404843442 0.2376922369003296 2
1607404843552 0.14369644224643707 2
1607404843658 0.03767871856689453 2
1607404843767 0.12956984341144562 2
1607404843879 0.15155045688152313 2
1607404844001 0.010916388593614101 2
1607404844154 0.010546252131462097 2
1607404844261 0.11738813668489456 2
1607404844378 0.10352954268455505 2
1607404844489 0.1786355823278427 2
1607404844599 0.02210715413093567 2
1607404844711 0.011110891588032246 2
1607404844824 0.01870257593691349 2
1607404844946 0.050399865955114365 2
1607404845060 0.14333456754684448 2
1607404845203 0.0857774019241333 2
1607404845331 0.07885432243347168 2
1607404845442 0.07502647489309311 2
1607404845551 0.017520630732178688 2
1607404845659 0.034835703670978546 2
1607404845766 0.03611142188310623 2
1607404845874 0.060520272701978683 2
1607404845985 0.016128811985254288 2
1607404846097 0.05195976421236992 2
1607404846219 0.11816452443599701 2
1607404846342 0.010514841414988041 2
1607404846485 0.011401836760342121 2
1607404846601 0.07830165326595306 2
1607404846716 0.0735081285238266 2
1607404846827 0.021418197080492973 2
1607404846949 0.2066875547170639 2
1607404847069 0.16223609447479248 2
1607404847179 0.0715719610452652 2
1607404847285 0.11912883073091507 2
1607404847398 0.07358346879482269 2
1607404847528 0.01998181827366352 2
1607404847658 0.047397181391716 2
1607404847767 0.10333845019340515 2
1607404847890 0.015779057517647743 2
1607404848001 0.04869229719042778 2
1607404848113 0.10102683305740356 2
1607404848220 0.05644993111491203 2
1607404848336 0.021699396893382072 2
1607404848447 0.22530554234981537 2
1607404848553 0.03492850065231323 2
1607404848676 0.014575481414794922 2
1607404848822 0.02795194275677204 2
1607404848932 0.06312742084264755 2
1607404849046 0.16540192067623138 2
1607404849156 0.010518542490899563 2
1607404849268 0.020735640078783035 2
1607404849379 0.016825418919324875 2
1607404849488 0.04109399765729904 2
1607404849596 0.0466325581073761 2
1607404849709 0.07089798897504807 2
1607404849830 0.012268523685634136 2
1607404849975 0.014649746008217335 2
1607404850088 0.017594389617443085 2
1607404850200 0.004536711145192385 2
1607404850309 0.011515595950186253 2
1607404850421 0.026783214882016182 2
1607404850532 0.046673499047756195 2
1607404850637 0.14387087523937225 2
1607404850746 0.009137250483036041 2
1607404850854 0.05777338519692421 2
1607404851007 0.10742975771427155 2
1607404851172 0.020654449239373207 2
1607404851284 0.005621918477118015 2
1607404851390 0.02328180894255638 2
1607404851499 0.08659597486257553 2
1607404851607 0.1150195524096489 2
1607404851720 0.06142489239573479 2
1607404851836 0.09878072887659073 2
1607404851950 0.06593167781829834 2
1607404852071 0.11029265820980072 2
1607404852230 0.03371381387114525 2
1607404852351 0.020454125478863716 2
1607404852468 0.10223562270402908 2
1607404852576 0.05850639566779137 2
1607404852683 0.20818299055099487 2
1607404852796 0.07920656353235245 2
1607404852909 0.10137654840946198 2
1607404853024 0.019360119476914406 2
1607404853141 0.1565282642841339 2
1607404853250 0.08116155862808228 2
1607404853374 0.09557811170816422 2
1607404853519 0.06689155846834183 2
1607404853642 0.028574712574481964 2
1607404853752 0.12662272155284882 2
1607404853868 0.18709246814250946 2
1607404853993 0.08825478702783585 2
1607404854122 0.09585490822792053 2
1607404854233 0.06677865236997604 2
1607404854344 0.003333883360028267 2
1607404854464 0.05821763724088669 2
1607404854623 0.0580517053604126 2
1607404854738 0.16031964123249054 2
1607404854850 0.1005466878414154 2
1607404854970 0.03216556832194328 2
1607404855087 0.04210260882973671 2
1607404855196 0.06355327367782593 2
1607404855304 0.022967319935560226 2
1607404855416 0.02007402293384075 2
1607404855528 0.07800506800413132 2
1607404855635 0.1927901655435562 2
1607404855764 0.08353359997272491 2
1607404855920 0.09031256288290024 2
1607404856056 0.04000627249479294 2
1607404856164 0.07492168247699738 2
1607404856274 0.006526176352053881 2
1607404856381 0.023806456476449966 2
1607404856491 0.11769775301218033 2
1607404856597 0.03757376968860626 2
1607404856702 0.005315839778631926 2
1607404856807 0.059498075395822525 2
1607404856925 0.013709994032979012 2
1607404857070 0.08635305613279343 2
1607404857174 0.021785924211144447 2
1607404857278 0.008098136633634567 2
1607404857382 0.015085196122527122 2
1607404857490 0.035131990909576416 2
1607404857595 0.1760958433151245 2
1607404857700 0.023748939856886864 2
1607404857805 0.029973968863487244 2
1607404857913 0.024708323180675507 2
1607404858027 0.22150690853595734 2
1607404858170 0.13872836530208588 2
1607404858275 0.07148122787475586 2
1607404858389 0.18623638153076172 2
1607404858498 0.11602431535720825 2
1607404858603 0.03580423817038536 2
1607404858707 0.1126018688082695 2
1607404858811 0.03731071576476097 2
1607404858919 0.08387435972690582 2
1607404859040 0.15335501730442047 2
1607404859143 0.12230933457612991 2
1607404859280 0.039265479892492294 2
1607404859384 0.05850592255592346 2
1607404859493 0.2803410291671753 2
1607404859597 0.021495163440704346 2
1607404859701 0.2802009582519531 2
1607404859805 0.04467012733221054 2
1607404859911 0.07157392799854279 2
1607404860018 0.008253664709627628 2
1607404860129 0.18423953652381897 2
1607404860234 0.052049387246370316 2
1607404860381 0.030364608392119408 2
1607404860492 0.1526680290699005 2
1607404860598 0.10880284756422043 2
1607404860705 0.041494160890579224 2
1607404860813 0.03805544227361679 2
1607404860919 0.01944940909743309 2
1607404861029 0.027214784175157547 2
1607404861133 0.21528254449367523 2
1607404861239 0.01542093325406313 2
1607404861344 0.04424078390002251 2
1607404861474 0.0674673393368721 2
1607404861580 0.03976535052061081 2
1607404861688 0.02474113367497921 2
1607404861813 0.165690079331398 2
1607404861920 0.04172462970018387 2
1607404862035 0.02815883234143257 2
1607404862140 0.19213171303272247 2
1607404862248 0.16191092133522034 2
1607404862354 0.04744168743491173 2
1607404862460 0.04090041667222977 2
1607404862597 0.16069769859313965 2
1607404862704 0.031507473438978195 2
1607404862808 0.1749076545238495 2
1607404862921 0.052988044917583466 2
1607404863032 0.035922691226005554 2
1607404863139 0.02920527569949627 2
1607404863243 0.049086105078458786 2
1607404863348 0.13586170971393585 2
1607404863457 0.05583418160676956 2
1607404863564 0.1108769029378891 2
1607404863699 0.0611782930791378 2
1607404863803 0.022911930456757545 2
1607404863908 0.14818888902664185 2
1607404864026 0.04845389351248741 2
1607404864132 0.020489118993282318 2
1607404864236 0.08452983945608139 2
1607404864340 0.008830808103084564 2
1607404864447 0.3760237991809845 2
1607404864553 0.08083391189575195 2
1607404864660 0.06370774656534195 2
1607404864794 0.07163643091917038 2
1607404864900 0.0499580092728138 2
1607404865016 0.062191639095544815 2
1607404865126 0.02182006649672985 2
1607404865233 0.004946586675941944 2
1607404865337 0.010984481312334538 2
1607404865448 0.04150434955954552 2
1607404865555 0.041098568588495255 2
1607404865659 0.009286395274102688 2
1607404865764 0.08246354758739471 2
1607404865898 0.1961524486541748 2
1607404866015 0.033618271350860596 2
1607404866123 0.12752816081047058 2
1607404866229 0.1350792944431305 2
1607404866334 0.06323812901973724 2
1607404866439 0.03787429258227348 2
1607404866547 0.02695518732070923 2
1607404866652 0.07594245672225952 2
1607404866757 0.018450193107128143 2
1607404866862 0.06458587944507599 2
1607404867020 0.10926572233438492 2
1607404867131 0.011468341574072838 2
1607404867235 0.12530680000782013 2
1607404867339 0.037661269307136536 2
1607404867443 0.012489283457398415 2
1607404867549 0.23430384695529938 2
1607404867654 0.0065515791065990925 2
1607404867763 0.04777338355779648 2
1607404867869 0.03168956935405731 2
1607404867977 0.04379282519221306 2
1607404868121 0.016503602266311646 2
1607404868226 0.03400019183754921 2
1607404868330 0.0164042878895998 2
1607404868440 0.047321632504463196 2
1607404868549 0.08785465359687805 2
1607404868656 0.011325987987220287 2
1607404868761 0.07253153622150421 2
1607404868867 0.07249490916728973 2
1607404868977 0.03795504942536354 2
1607404869089 0.0832933709025383 2
1607404869227 0.014010617509484291 2
1607404869343 0.009941012598574162 2
1607404869451 0.09619710594415665 2
1607404869562 0.12371759861707687 2
1607404869667 0.09135568141937256 2
1607404869773 0.07194028794765472 2
1607404869879 0.06968075037002563 2
1607404869989 0.17058062553405762 2
1607404870100 0.03697599843144417 2
1607404870215 0.11947891861200333 2
1607404870372 0.02115580067038536 2
1607404870485 0.03190943971276283 2
1607404870596 0.1389516144990921 2
1607404870703 0.025941645726561546 2
1607404870809 0.1799992173910141 2
1607404870915 0.025336703285574913 2
1607404871043 0.10999680310487747 2
1607404871148 0.0727844312787056 2
1607404871252 0.043046481907367706 2
1607404871365 0.1399034559726715 2
1607404871513 0.09832122176885605 2
1607404871618 0.08826948702335358 2
1607404871724 0.09588860720396042 2
1607404871836 0.15668885409832 2
1607404871940 0.08417972922325134 2
1607404872053 0.07645654678344727 2
1607404872165 0.021694770082831383 2
1607404872270 0.18382738530635834 2
1607404872378 0.01543148048222065 2
1607404872487 0.04590519890189171 2
1607404872625 0.10905703902244568 2
1607404872731 0.05407818779349327 2
1607404872836 0.024081848561763763 2
1607404872941 0.07508523017168045 2
1607404873051 0.004961004480719566 2
1607404873157 0.01566258631646633 2
1607404873263 0.18034566938877106 2
1607404873367 0.035067711025476456 2
1607404873474 0.037183113396167755 2
1607404873580 0.014180070720613003 2
1607404873710 0.05916323885321617 2
1607404873817 0.0781949982047081 2
1607404873922 0.09272975474596024 2
1607404874030 0.0846240296959877 2
1607404874135 0.018686853349208832 2
1607404874241 0.07835417985916138 2
1607404874345 0.09777390211820602 2
1607404874449 0.004955679643899202 2
1607404874560 0.015880899503827095 2
1607404874665 0.0650218278169632 2
1607404874810 0.010099228471517563 2
1607404874915 0.05633998289704323 2
1607404875023 0.07851766794919968 2
1607404875129 0.008166144602000713 2
1607404875234 0.012287821620702744 2
1607404875339 0.004484060686081648 2
1607404875443 0.0045735822059214115 2
1607404875554 0.05123617872595787 2
1607404875662 0.2765401005744934 2
1607404875766 0.048798900097608566 2
1607404875910 0.026269780471920967 2
1607404876018 0.03509792685508728 2
1607404876129 0.041128333657979965 2
1607404876234 0.16701918840408325 2
1607404876338 0.042811326682567596 2
1607404876443 0.0533113107085228 2
1607404876555 0.11909876763820648 2
1607404876660 0.0516820028424263 2
1607404876764 0.04821233078837395 2
1607404876869 0.040512990206480026 2
1607404877011 0.15808232128620148 2
1607404877119 0.034565966576337814 2
1607404877223 0.027380645275115967 2
1607404877330 0.05571526661515236 2
1607404877435 0.10408530384302139 2
1607404877542 0.07412496209144592 2
1607404877646 0.03624873235821724 2
1607404877752 0.06152227893471718 2
1607404877856 0.18150410056114197 2
1607404877963 0.010559257119894028 2
1607404878107 0.13863834738731384 2
1607404878212 0.08095869421958923 2
1607404878320 0.022165197879076004 2
1607404878427 0.12712638080120087 2
1607404878535 0.010949582792818546 2
1607404878640 0.01403113454580307 2
1607404878751 0.054909609258174896 2
1607404878857 0.03238651528954506 2
1607404878974 0.16839750111103058 2
1607404879095 0.008745555765926838 2
1607404879237 0.010675637982785702 2
1607404879346 0.02828117273747921 2
1607404879450 0.1322992444038391 2
1607404879559 0.06461729854345322 2
1607404879666 0.04744113236665726 2
1607404879772 0.13829264044761658 2
1607404879878 0.19885699450969696 2
1607404879987 0.059006012976169586 2
1607404880109 0.06135903671383858 2
1607404880218 0.07292880117893219 2
1607404880365 0.011043737642467022 2
1607404880470 0.29768216609954834 2
1607404880581 0.025772593915462494 2
1607404880686 0.08936455845832825 2
1607404880797 0.13971452414989471 2
1607404880904 0.026019316166639328 2
1607404881021 0.04489200934767723 2
1607404881129 0.08837500959634781 2
1607404881235 0.025606505572795868 2
1607404881344 0.026410100981593132 2
1607404881476 0.012029682286083698 2
1607404881586 0.007776170503348112 2
1607404881693 0.1380724012851715 2
1607404881799 0.07093799859285355 2
1607404881904 0.03781333193182945 2
1607404882010 0.026599951088428497 2
1607404882120 0.005994169972836971 2
1607404882231 0.04521440714597702 2
1607404882338 0.03228113800287247 2
1607404882443 0.005999142769724131 2
1607404882585 0.0075539699755609035 2
1607404882690 0.0028865598142147064 2
1607404882799 0.04477226734161377 2
1607404882911 0.20235177874565125 2
1607404883034 0.12470824271440506 2
1607404883139 0.10270488262176514 2
1607404883244 0.2407415211200714 2
1607404883350 0.03716588392853737 2
1607404883454 0.007645167410373688 2
1607404883563 0.012349285185337067 2
1607404883700 0.015036141499876976 2
1607404883804 0.1973530352115631 2
1607404883909 0.19931046664714813 2
1607404884019 0.02217017114162445 2
1607404884130 0.024214312434196472 2
1607404884234 0.05704957991838455 2
1607404884338 0.006808351259678602 2
1607404884443 0.26630592346191406 2
1607404884552 0.04014688730239868 2
1607404884657 0.02229561284184456 2
1607404884797 0.03294586390256882 2
1607404884902 0.011833127588033676 2
1607404885010 0.1374388486146927 2
1607404885122 0.011744323186576366 2
1607404885228 0.08922616392374039 2
1607404885336 0.2032061517238617 2
1607404885444 0.015683889389038086 2
1607404885555 0.052427299320697784 2
1607404885660 0.0953533723950386 2
1607404885767 0.03157855570316315 2
1607404885920 0.02831743285059929 2
1607404886030 0.04506351798772812 2
1607404886137 0.1375492364168167 2
1607404886243 0.07094604521989822 2
1607404886347 0.07016623765230179 2
1607404886453 0.0012401877902448177 2
1607404886562 0.004402459599077702 2
1607404886667 0.08345778286457062 2
1607404886771 0.12546639144420624 2
1607404886876 0.05069083720445633 2
1607404887026 0.062245067209005356 2
1607404887143 0.053662996739149094 2
1607404887250 0.04790230467915535 2
1607404887354 0.07085690647363663 2
1607404887459 0.0339641347527504 2
1607404887567 0.031785640865564346 2
1607404887672 0.13341829180717468 2
1607404887776 0.0049725305289030075 2
1607404887883 0.019595256075263023 2
1607404887988 0.13293428719043732 2
1607404888140 0.03726798668503761 2
1607404888244 0.02520027384161949 2
1607404888350 0.19349266588687897 2
1607404888471 0.04732973128557205 2
1607404888576 0.02446664310991764 2
1607404888681 0.04618366062641144 2
1607404888788 0.019749728962779045 2
1607404888895 0.0067770094610750675 2
1607404889016 0.0061769867315888405 2
1607404889162 0.1817064881324768 2
1607404889311 0.019605586305260658 2
1607404889418 0.12549324333667755 2
1607404889526 0.047258611768484116 2
1607404889651 0.2009885162115097 2
1607404889759 0.09981334954500198 2
1607404889868 0.2713494896888733 2
1607404889987 0.03987470641732216 2
1607404890095 0.07261819392442703 2
1607404890201 0.13186660408973694 2
1607404890341 0.10009574145078659 2
1607404890462 0.005549797788262367 2
1607404890572 0.006568808574229479 2
1607404890678 0.05395759642124176 2
1607404890784 0.0236869677901268 2
1607404890891 0.02937197871506214 2
1607404891009 0.005755913443863392 2
1607404891136 0.10963951051235199 2
1607404891241 0.040524765849113464 2
1607404891345 0.18860167264938354 2
1607404891459 0.0987870991230011 2
1607404891605 0.04147141054272652 2
1607404891722 0.01956857554614544 2
1607404891836 0.07648560404777527 2
1607404891941 0.06398370862007141 2
1607404892053 0.013617978431284428 2
1607404892164 0.11362409591674805 2
1607404892270 0.047700732946395874 2
1607404892376 0.020722726359963417 2
1607404892480 0.0628962516784668 2
1607404892594 0.11346366256475449 2
1607404892728 0.06845086067914963 2
1607404892834 0.011987551115453243 2
1607404892941 0.021426238119602203 2
1607404893048 0.11461881548166275 2
1607404893157 0.042057521641254425 2
1607404893261 0.09063948690891266 2
1607404893366 0.1140485405921936 2
1607404893471 0.01201373990625143 2
1607404893579 0.021328069269657135 2
1607404893683 0.0013547205599024892 2
1607404893815 0.007658770773559809 2
1607404893920 0.0275882538408041 2
1607404894035 0.06811358034610748 2
1607404894143 0.028472797945141792 2
1607404894248 0.0046906257048249245 2
1607404894352 0.16968299448490143 2
1607404894456 0.0997219979763031 2
1607404894565 0.015618067234754562 2
1607404894670 0.08759178221225739 2
1607404894775 0.08353684842586517 2
1607404894904 0.05133257806301117 2
1607404895021 0.11293641477823257 2
1607404895134 0.0069819665513932705 2
1607404895240 0.06845584511756897 2
1607404895344 0.008937203325331211 2
1607404895448 0.0881289392709732 2
1607404895554 0.025734957307577133 2
1607404895663 0.024476880207657814 2
1607404895768 0.027977121993899345 2
1607404895873 0.07793957740068436 2
1607404896025 0.03248017653822899 2
1607404896138 0.06068837642669678 2
1607404896243 0.19210289418697357 2
1607404896347 0.012645158916711807 2
1607404896452 0.0024609724059700966 2
1607404896557 0.07498285919427872 2
1607404896665 0.17403991520404816 2
1607404896770 0.01589934155344963 2
1607404896874 0.07199106365442276 2
1607404896979 0.06253975629806519 2
1607404897130 0.0021423452999442816 2
1607404897236 0.004815380088984966 2
1607404897341 0.11066009104251862 2
1607404897446 0.061463307589292526 2
1607404897551 0.04996539279818535 2
1607404897659 0.01794358901679516 2
1607404897764 0.08724465221166611 2
1607404897869 0.004002219531685114 2
1607404897978 0.0528116375207901 2
1607404898092 0.0365743562579155 2
1607404898224 0.1941063553094864 2
1607404898328 0.012754756957292557 2
1607404898432 0.007129937410354614 2
1607404898539 0.030081067234277725 2
1607404898648 0.006068529561161995 2
1607404898754 0.062172144651412964 2
1607404898860 0.0021151851397007704 2
1607404898966 0.004795767366886139 2
1607404899094 0.029461119323968887 2
1607404899202 0.03551419451832771 2
1607404899349 0.028966397047042847 2
1607404899458 0.04880516976118088 2
1607404899564 0.0018065107287839055 2
1607404899672 0.003436670871451497 2
1607404899778 0.009817910380661488 2
1607404899883 0.0007277021650224924 2
1607404899997 0.01062521617859602 2
1607404900110 0.04829178750514984 2
1607404900215 0.011519751511514187 2
1607404900329 0.0001595140201970935 2
1607404900480 0.0013490283163264394 2
1607404900591 0.0004980700323358178 2
1607404900700 0.00146525411400944 2
1607404900805 0.006023001857101917 2
1607404900911 0.09508423507213593 2
1607404901022 0.03614158555865288 2
1607404901140 0.058941710740327835 2
1607404901249 0.0029551228508353233 2
1607404901355 0.002945713698863983 2
1607404901471 0.006305081769824028 2
1607404901620 0.21802616119384766 2
1607404901728 0.3516041934490204 2
1607404901835 0.015408811159431934 2
1607404901943 0.0005574385286308825 2
1607404902052 0.2552850842475891 2
1607404902122 0.0033519186545163393 2
